Date,Country,Daily Cases,Daily Deaths,Daily Recovered,Total Cases,Total Deaths,Total Recovered
2025-03-09,USA,18163,1762,17796,20341462,435858,19906999
2025-03-08,USA,15060,451,14904,20356522,436309,19921903
2025-03-07,USA,15501,1139,15402,20372023,437448,19937305
2025-03-06,USA,49173,711,48698,20421196,438159,19986003
2025-03-05,USA,42609,1586,42335,20463805,439745,20028338
2025-03-04,USA,35311,1520,35289,20499116,441265,20063627
2025-03-03,USA,19480,1633,19296,20518596,442898,20082923
2025-03-02,USA,46036,513,45987,20564632,443411,20128910
2025-03-01,USA,42198,300,42129,20606830,443711,20171039
2025-02-28,USA,48371,394,48228,20655201,444105,20219267
2025-02-27,USA,21861,323,21659,20677062,444428,20240926
2025-02-26,USA,32128,1402,32026,20709190,445830,20272952
2025-02-25,USA,21255,998,21135,20730445,446828,20294087
2025-02-24,USA,9286,1929,9066,20739731,448757,20303153
2025-02-23,USA,752,1390,673,20740483,450147,20303826
2025-02-22,USA,10172,467,10023,20750655,450614,20313849
2025-02-21,USA,36118,1955,35794,20786773,452569,20349643
2025-02-20,USA,8413,228,8203,20795186,452797,20357846
2025-02-19,USA,23474,510,23191,20818660,453307,20381037
2025-02-18,USA,27743,1372,27679,20846403,454679,20408716
2025-02-17,USA,9985,1516,9942,20856388,456195,20418658
2025-02-16,USA,12272,163,12065,20868660,456358,20430723
2025-02-15,USA,45920,711,45798,20914580,457069,20476521
2025-02-14,USA,16995,1448,16905,20931575,458517,20493426
2025-02-13,USA,14247,514,14112,20945822,459031,20507538
2025-02-12,USA,5573,1840,5122,20951395,460871,20512660
2025-02-11,USA,12684,700,12637,20964079,461571,20525297
2025-02-10,USA,42582,1898,42354,21006661,463469,20567651
2025-02-09,USA,16694,1244,16561,21023355,464713,20584212
2025-02-08,USA,700,1407,609,21024055,466120,20584821
2025-02-07,USA,14213,296,13913,21038268,466416,20598734
2025-02-06,USA,25326,1259,25169,21063594,467675,20623903
2025-02-05,USA,38155,1295,38094,21101749,468970,20661997
2025-02-04,USA,33311,725,32870,21135060,469695,20694867
2025-02-03,USA,12956,1888,12679,21148016,471583,20707546
2025-02-02,USA,6282,712,5873,21154298,472295,20713419
2025-02-01,USA,2030,1262,1672,21156328,473557,20715091
2025-01-31,USA,20070,1195,19807,21176398,474752,20734898
2025-01-30,USA,34133,114,33667,21210531,474866,20768565
2025-01-29,USA,16259,744,16064,21226790,475610,20784629
2025-01-28,USA,24589,1412,24131,21251379,477022,20808760
2025-01-27,USA,25369,1041,24964,21276748,478063,20833724
2025-01-26,USA,15184,1324,14734,21291932,479387,20848458
2025-01-25,USA,5900,809,5759,21297832,480196,20854217
2025-01-24,USA,42335,595,41865,21340167,480791,20896082
2025-01-23,USA,26960,1935,26922,21367127,482726,20923004
2025-01-22,USA,15886,59,15506,21383013,482785,20938510
2025-01-21,USA,12397,1460,12148,21395410,484245,20950658
2025-01-20,USA,23958,620,23626,21419368,484865,20974284
2025-01-19,USA,32931,1232,32862,21452299,486097,21007146
2025-01-18,USA,23765,404,23464,21476064,486501,21030610
2025-01-17,USA,6746,1393,6651,21482810,487894,21037261
2025-01-16,USA,41877,418,41872,21524687,488312,21079133
2025-01-15,USA,1850,668,1702,21526537,488980,21080835
2025-01-14,USA,13525,1633,13346,21540062,490613,21094181
2025-01-13,USA,30783,1300,30448,21570845,491913,21124629
2025-01-12,USA,6756,1939,6355,21577601,493852,21130984
2025-01-11,USA,47714,1486,47453,21625315,495338,21178437
2025-01-10,USA,35282,1727,35251,21660597,497065,21213688
2025-01-09,USA,9257,999,8992,21669854,498064,21222680
2025-01-08,USA,32208,998,32050,21702062,499062,21254730
2025-01-07,USA,24727,209,24717,21726789,499271,21279447
2025-01-06,USA,2202,1016,1994,21728991,500287,21281441
2025-01-05,USA,6991,1976,6860,21735982,502263,21288301
2025-01-04,USA,1884,846,1596,21737866,503109,21289897
2025-01-03,USA,44577,606,44293,21782443,503715,21334190
2025-01-02,USA,15606,380,15536,21798049,504095,21349726
2025-01-01,USA,38740,425,38287,21836789,504520,21388013
2024-12-31,USA,13610,1426,13258,21850399,505946,21401271
2024-12-30,USA,5569,398,5238,21855968,506344,21406509
2024-12-29,USA,46185,289,45869,21902153,506633,21452378
2024-12-28,USA,42167,1016,41771,21944320,507649,21494149
2024-12-27,USA,7480,688,7394,21951800,508337,21501543
2024-12-26,USA,43119,468,42700,21994919,508805,21544243
2024-12-25,USA,30766,153,30553,22025685,508958,21574796
2024-12-24,USA,42622,289,42169,22068307,509247,21616965
2024-12-23,USA,25840,1457,25518,22094147,510704,21642483
2024-12-22,USA,34463,1139,34399,22128610,511843,21676882
2024-12-21,USA,19366,1551,19053,22147976,513394,21695935
2024-12-20,USA,42009,1511,41513,22189985,514905,21737448
2024-12-19,USA,24249,548,24073,22214234,515453,21761521
2024-12-18,USA,15279,1315,15099,22229513,516768,21776620
2024-12-17,USA,15590,1772,15275,22245103,518540,21791895
2024-12-16,USA,20521,848,20117,22265624,519388,21812012
2024-12-15,USA,10194,1415,9953,22275818,520803,21821965
2024-12-14,USA,33081,1104,32777,22308899,521907,21854742
2024-12-13,USA,11262,81,11030,22320161,521988,21865772
2024-12-12,USA,17947,1678,17472,22338108,523666,21883244
2024-12-11,USA,42568,625,42447,22380676,524291,21925691
2024-12-10,USA,12430,354,12320,22393106,524645,21938011
2024-12-09,USA,11212,246,10886,22404318,524891,21948897
2024-12-08,USA,27916,1503,27469,22432234,526394,21976366
2024-12-07,USA,11271,66,10817,22443505,526460,21987183
2024-12-06,USA,34532,63,34178,22478037,526523,22021361
2024-12-05,USA,27490,543,27180,22505527,527066,22048541
2024-12-04,USA,22839,128,22827,22528366,527194,22071368
2024-12-03,USA,44501,718,44093,22572867,527912,22115461
2024-12-02,USA,26553,88,26485,22599420,528000,22141946
2024-12-01,USA,10375,775,10176,22609795,528775,22152122
2024-11-30,USA,25144,951,24871,22634939,529726,22176993
2024-11-29,USA,19653,1578,19312,22654592,531304,22196305
2024-11-28,USA,25024,1906,24690,22679616,533210,22220995
2024-11-27,USA,7632,1643,7430,22687248,534853,22228425
2024-11-26,USA,42414,1665,42364,22729662,536518,22270789
2024-11-25,USA,17159,592,16805,22746821,537110,22287594
2024-11-24,USA,47837,38,47667,22794658,537148,22335261
2024-11-23,USA,25022,197,24891,22819680,537345,22360152
2024-11-22,USA,39934,841,39867,22859614,538186,22400019
2024-11-21,USA,34355,293,34125,22893969,538479,22434144
2024-11-20,USA,5175,145,4797,22899144,538624,22438941
2024-11-19,USA,7708,1905,7562,22906852,540529,22446503
2024-11-18,USA,38373,489,37982,22945225,541018,22484485
2024-11-17,USA,26677,1037,26277,22971902,542055,22510762
2024-11-16,USA,12263,923,12195,22984165,542978,22522957
2024-11-15,USA,15673,1486,15486,22999838,544464,22538443
2024-11-14,USA,34816,905,34624,23034654,545369,22573067
2024-11-13,USA,21436,729,20978,23056090,546098,22594045
2024-11-12,USA,36273,501,36262,23092363,546599,22630307
2024-11-11,USA,16556,1302,16346,23108919,547901,22646653
2024-11-10,USA,33548,177,33247,23142467,548078,22679900
2024-11-09,USA,9583,1948,9486,23152050,550026,22689386
2024-11-08,USA,49084,730,48648,23201134,550756,22738034
2024-11-07,USA,2856,218,2486,23203990,550974,22740520
2024-11-06,USA,34698,797,34663,23238688,551771,22775183
2024-11-05,USA,6550,945,6535,23245238,552716,22781718
2024-11-04,USA,12092,1159,12084,23257330,553875,22793802
2024-11-03,USA,48429,1181,47976,23305759,555056,22841778
2024-11-02,USA,43778,1438,43432,23349537,556494,22885210
2024-11-01,USA,21139,1900,20933,23370676,558394,22906143
2024-10-31,USA,14971,1812,14833,23385647,560206,22920976
2024-10-30,USA,17792,1596,17706,23403439,561802,22938682
2024-10-29,USA,36271,1312,36247,23439710,563114,22974929
2024-10-28,USA,44373,752,43932,23484083,563866,23018861
2024-10-27,USA,35432,124,35075,23519515,563990,23053936
2024-10-26,USA,13538,1170,13120,23533053,565160,23067056
2024-10-25,USA,33587,1827,33545,23566640,566987,23100601
2024-10-24,USA,37825,868,37447,23604465,567855,23138048
2024-10-23,USA,45005,103,44516,23649470,567958,23182564
2024-10-22,USA,39947,896,39929,23689417,568854,23222493
2024-10-21,USA,8836,867,8620,23698253,569721,23231113
2024-10-20,USA,31136,1478,30736,23729389,571199,23261849
2024-10-19,USA,22424,372,22123,23751813,571571,23283972
2024-10-18,USA,8674,360,8418,23760487,571931,23292390
2024-10-17,USA,45107,538,44622,23805594,572469,23337012
2024-10-16,USA,33672,40,33525,23839266,572509,23370537
2024-10-15,USA,43677,1127,43561,23882943,573636,23414098
2024-10-14,USA,9449,717,9176,23892392,574353,23423274
2024-10-13,USA,49318,1626,49049,23941710,575979,23472323
2024-10-12,USA,39722,114,39487,23981432,576093,23511810
2024-10-11,USA,7050,759,6724,23988482,576852,23518534
2024-10-10,USA,37473,1793,37163,24025955,578645,23555697
2024-10-09,USA,36010,707,35540,24061965,579352,23591237
2024-10-08,USA,36661,189,36438,24098626,579541,23627675
2024-10-07,USA,35904,721,35824,24134530,580262,23663499
2024-10-06,USA,48415,123,48391,24182945,580385,23711890
2024-10-05,USA,44966,404,44644,24227911,580789,23756534
2024-10-04,USA,15926,58,15650,24243837,580847,23772184
2024-10-03,USA,35682,448,35614,24279519,581295,23807798
2024-10-02,USA,42679,708,42432,24322198,582003,23850230
2024-10-01,USA,32466,26,31971,24354664,582029,23882201
2024-09-30,USA,28811,1052,28600,24383475,583081,23910801
2024-09-29,USA,28548,863,28523,24412023,583944,23939324
2024-09-28,USA,25749,365,25643,24437772,584309,23964967
2024-09-27,USA,6001,651,5866,24443773,584960,23970833
2024-09-26,USA,35560,1686,35262,24479333,586646,24006095
2024-09-25,USA,1798,1532,1718,24481131,588178,24007813
2024-09-24,USA,16306,1782,15943,24497437,589960,24023756
2024-09-23,USA,13802,1320,13525,24511239,591280,24037281
2024-09-22,USA,48350,18,48317,24559589,591298,24085598
2024-09-21,USA,48066,1485,47576,24607655,592783,24133174
2024-09-20,USA,7616,491,7545,24615271,593274,24140719
2024-09-19,USA,31310,538,31080,24646581,593812,24171799
2024-09-18,USA,5562,793,5536,24652143,594605,24177335
2024-09-17,USA,21364,1700,20923,24673507,596305,24198258
2024-09-16,USA,14812,1927,14721,24688319,598232,24212979
2024-09-15,USA,31565,831,31285,24719884,599063,24244264
2024-09-14,USA,31963,316,31719,24751847,599379,24275983
2024-09-13,USA,33221,1851,33015,24785068,601230,24308998
2024-09-12,USA,5301,205,5051,24790369,601435,24314049
2024-09-11,USA,16616,849,16120,24806985,602284,24330169
2024-09-10,USA,48428,1550,48281,24855413,603834,24378450
2024-09-09,USA,42189,1250,41826,24897602,605084,24420276
2024-09-08,USA,38881,274,38847,24936483,605358,24459123
2024-09-07,USA,38907,272,38756,24975390,605630,24497879
2024-09-06,USA,12845,960,12718,24988235,606590,24510597
2024-09-05,USA,1905,756,1700,24990140,607346,24512297
2024-09-04,USA,9807,1678,9737,24999947,609024,24522034
2024-09-03,USA,11647,1420,11376,25011594,610444,24533410
2024-09-02,USA,42528,910,42485,25054122,611354,24575895
2024-09-01,USA,17672,758,17559,25071794,612112,24593454
2024-08-31,USA,45032,1966,44589,25116826,614078,24638043
2024-08-30,USA,35707,688,35488,25152533,614766,24673531
2024-08-29,USA,24083,1809,23908,25176616,616575,24697439
2024-08-28,USA,41418,592,41068,25218034,617167,24738507
2024-08-27,USA,959,522,623,25218993,617689,24739130
2024-08-26,USA,38337,15,37947,25257330,617704,24777077
2024-08-25,USA,44898,166,44442,25302228,617870,24821519
2024-08-24,USA,49376,1183,49112,25351604,619053,24870631
2024-08-23,USA,3795,641,3325,25355399,619694,24873956
2024-08-22,USA,26728,1405,26329,25382127,621099,24900285
2024-08-21,USA,44587,651,44237,25426714,621750,24944522
2024-08-20,USA,18210,1763,17753,25444924,623513,24962275
2024-08-19,USA,31623,1124,31616,25476547,624637,24993891
2024-08-18,USA,33740,1148,33676,25510287,625785,25027567
2024-08-17,USA,36899,1178,36801,25547186,626963,25064368
2024-08-16,USA,23821,1490,23599,25571007,628453,25087967
2024-08-15,USA,558,836,490,25571565,629289,25088457
2024-08-14,USA,11137,15,10735,25582702,629304,25099192
2024-08-13,USA,45166,1413,44751,25627868,630717,25143943
2024-08-12,USA,5338,1898,5161,25633206,632615,25149104
2024-08-11,USA,5030,1502,4547,25638236,634117,25153651
2024-08-10,USA,11388,1842,11360,25649624,635959,25165011
2024-08-09,USA,40957,1279,40865,25690581,637238,25205876
2024-08-08,USA,30678,1974,30404,25721259,639212,25236280
2024-08-07,USA,18990,268,18883,25740249,639480,25255163
2024-08-06,USA,13910,304,13630,25754159,639784,25268793
2024-08-05,USA,36699,1890,36526,25790858,641674,25305319
2024-08-04,USA,33818,975,33362,25824676,642649,25338681
2024-08-03,USA,4215,78,3990,25828891,642727,25342671
2024-08-02,USA,16708,1408,16491,25845599,644135,25359162
2024-08-01,USA,7633,305,7529,25853232,644440,25366691
2024-07-31,USA,12799,1354,12489,25866031,645794,25379180
2024-07-30,USA,24655,442,24515,25890686,646236,25403695
2024-07-29,USA,33687,668,33194,25924373,646904,25436889
2024-07-28,USA,40597,1657,40528,25964970,648561,25477417
2024-07-27,USA,22042,546,21694,25987012,649107,25499111
2024-07-26,USA,20987,1189,20852,26007999,650296,25519963
2024-07-25,USA,19103,22,18617,26027102,650318,25538580
2024-07-24,USA,16911,1487,16741,26044013,651805,25555321
2024-07-23,USA,25986,739,25950,26069999,652544,25581271
2024-07-22,USA,27492,277,27389,26097491,652821,25608660
2024-07-21,USA,18360,1355,17991,26115851,654176,25626651
2024-07-20,USA,22543,982,22502,26138394,655158,25649153
2024-07-19,USA,45137,1778,44999,26183531,656936,25694152
2024-07-18,USA,42974,241,42612,26226505,657177,25736764
2024-07-17,USA,14688,183,14389,26241193,657360,25751153
2024-07-16,USA,42167,815,41777,26283360,658175,25792930
2024-07-15,USA,39993,1235,39804,26323353,659410,25832734
2024-07-14,USA,6762,1888,6748,26330115,661298,25839482
2024-07-13,USA,19102,1381,18697,26349217,662679,25858179
2024-07-12,USA,28934,979,28903,26378151,663658,25887082
2024-07-11,USA,16044,779,15581,26394195,664437,25902663
2024-07-10,USA,17894,1893,17483,26412089,666330,25920146
2024-07-09,USA,44226,1230,43773,26456315,667560,25963919
2024-07-08,USA,37489,679,37116,26493804,668239,26001035
2024-07-07,USA,31093,1583,30651,26524897,669822,26031686
2024-07-06,USA,13951,864,13837,26538848,670686,26045523
2024-07-05,USA,13953,801,13686,26552801,671487,26059209
2024-07-04,USA,46473,637,46209,26599274,672124,26105418
2024-07-03,USA,2973,1375,2550,26602247,673499,26107968
2024-07-02,USA,30979,967,30560,26633226,674466,26138528
2024-07-01,USA,34285,1182,34237,26667511,675648,26172765
2024-06-30,USA,9705,398,9404,26677216,676046,26182169
2024-06-29,USA,3531,420,3154,26680747,676466,26185323
2024-06-28,USA,12771,345,12416,26693518,676811,26197739
2024-06-27,USA,36138,1973,36120,26729656,678784,26233859
2024-06-26,USA,14114,1493,13973,26743770,680277,26247832
2024-06-25,USA,4180,149,3867,26747950,680426,26251699
2024-06-24,USA,19230,387,18843,26767180,680813,26270542
2024-06-23,USA,43693,927,43490,26810873,681740,26314032
2024-06-22,USA,38754,837,38501,26849627,682577,26352533
2024-06-21,USA,7006,655,6579,26856633,683232,26359112
2024-06-20,USA,30211,1762,29832,26886844,684994,26388944
2024-06-19,USA,46741,1275,46410,26933585,686269,26435354
2024-06-18,USA,45623,607,45225,26979208,686876,26480579
2024-06-17,USA,2691,1636,2588,26981899,688512,26483167
2024-06-16,USA,7718,1503,7457,26989617,690015,26490624
2024-06-15,USA,25786,1914,25601,27015403,691929,26516225
2024-06-14,USA,43724,322,43668,27059127,692251,26559893
2024-06-13,USA,45704,405,45471,27104831,692656,26605364
2024-06-12,USA,39731,569,39537,27144562,693225,26644901
2024-06-11,USA,12943,1786,12690,27157505,695011,26657591
2024-06-10,USA,25273,436,24850,27182778,695447,26682441
2024-06-09,USA,28217,17,27932,27210995,695464,26710373
2024-06-08,USA,7290,1680,6814,27218285,697144,26717187
2024-06-07,USA,30767,246,30281,27249052,697390,26747468
2024-06-06,USA,32455,92,32105,27281507,697482,26779573
2024-06-05,USA,6356,559,6177,27287863,698041,26785750
2024-06-04,USA,42249,1630,41905,27330112,699671,26827655
2024-06-03,USA,43335,484,42877,27373447,700155,26870532
2024-06-02,USA,40387,1674,40281,27413834,701829,26910813
2024-06-01,USA,10056,846,9681,27423890,702675,26920494
2024-05-31,USA,8435,469,8333,27432325,703144,26928827
2024-05-30,USA,40594,522,40549,27472919,703666,26969376
2024-05-29,USA,7773,988,7647,27480692,704654,26977023
2024-05-28,USA,42955,480,42755,27523647,705134,27019778
2024-05-27,USA,18421,1941,18360,27542068,707075,27038138
2024-05-26,USA,49123,731,48824,27591191,707806,27086962
2024-05-25,USA,8726,1622,8400,27599917,709428,27095362
2024-05-24,USA,30746,1942,30689,27630663,711370,27126051
2024-05-23,USA,40269,589,40066,27670932,711959,27166117
2024-05-22,USA,26798,1413,26736,27697730,713372,27192853
2024-05-21,USA,14838,1200,14363,27712568,714572,27207216
2024-05-20,USA,21296,341,20808,27733864,714913,27228024
2024-05-19,USA,37657,889,37192,27771521,715802,27265216
2024-05-18,USA,28443,1787,28234,27799964,717589,27293450
2024-05-17,USA,40411,1719,40130,27840375,719308,27333580
2024-05-16,USA,4896,1266,4850,27845271,720574,27338430
2024-05-15,USA,7797,1763,7673,27853068,722337,27346103
2024-05-14,USA,25540,1051,25275,27878608,723388,27371378
2024-05-13,USA,32587,247,32124,27911195,723635,27403502
2024-05-12,USA,46212,1314,46147,27957407,724949,27449649
2024-05-11,USA,9117,676,8916,27966524,725625,27458565
2024-05-10,USA,40469,262,40071,28006993,725887,27498636
2024-05-09,USA,3958,1545,3746,28010951,727432,27502382
2024-05-08,USA,35010,1061,34975,28045961,728493,27537357
2024-05-07,USA,26226,1439,25877,28072187,729932,27563234
2024-05-06,USA,1481,1932,1399,28073668,731864,27564633
2024-05-05,USA,21675,110,21361,28095343,731974,27585994
2024-05-04,USA,2340,1280,2182,28097683,733254,27588176
2024-05-03,USA,16208,257,15987,28113891,733511,27604163
2024-05-02,USA,14224,1067,13983,28128115,734578,27618146
2024-05-01,USA,17847,1186,17486,28145962,735764,27635632
2024-04-30,USA,31464,1006,31389,28177426,736770,27667021
2024-04-29,USA,19973,1520,19751,28197399,738290,27686772
2024-04-28,USA,7282,1492,7247,28204681,739782,27694019
2024-04-27,USA,35917,1090,35623,28240598,740872,27729642
2024-04-26,USA,2698,1466,2209,28243296,742338,27731851
2024-04-25,USA,48774,1254,48656,28292070,743592,27780507
2024-04-24,USA,40314,1635,40233,28332384,745227,27820740
2024-04-23,USA,34309,1109,34269,28366693,746336,27855009
2024-04-22,USA,3633,924,3147,28370326,747260,27858156
2024-04-21,USA,16535,874,16242,28386861,748134,27874398
2024-04-20,USA,30410,776,30141,28417271,748910,27904539
2024-04-19,USA,32823,237,32473,28450094,749147,27937012
2024-04-18,USA,21706,1446,21630,28471800,750593,27958642
2024-04-17,USA,819,1143,630,28472619,751736,27959272
2024-04-16,USA,37455,1880,37313,28510074,753616,27996585
2024-04-15,USA,45029,1248,44540,28555103,754864,28041125
2024-04-14,USA,24652,1737,24494,28579755,756601,28065619
2024-04-13,USA,3383,174,3030,28583138,756775,28068649
2024-04-12,USA,33383,1204,32944,28616521,757979,28101593
2024-04-11,USA,30259,1809,29780,28646780,759788,28131373
2024-04-10,USA,26472,407,26046,28673252,760195,28157419
2024-04-09,USA,47348,1042,47136,28720600,761237,28204555
2024-04-08,USA,19574,968,19515,28740174,762205,28224070
2024-04-07,USA,4690,47,4245,28744864,762252,28228315
2024-04-06,USA,8142,605,7827,28753006,762857,28236142
2024-04-05,USA,40437,474,40317,28793443,763331,28276459
2024-04-04,USA,31898,682,31442,28825341,764013,28307901
2024-04-03,USA,21731,711,21412,28847072,764724,28329313
2024-04-02,USA,9763,285,9720,28856835,765009,28339033
2024-04-01,USA,31399,637,31081,28888234,765646,28370114
2024-03-31,USA,38884,1776,38841,28927118,767422,28408955
2024-03-30,USA,41505,1024,41455,28968623,768446,28450410
2024-03-29,USA,45931,1906,45620,29014554,770352,28496030
2024-03-28,USA,48579,1384,48481,29063133,771736,28544511
2024-03-27,USA,20323,1425,20244,29083456,773161,28564755
2024-03-26,USA,22472,1209,22140,29105928,774370,28586895
2024-03-25,USA,14976,1234,14942,29120904,775604,28601837
2024-03-24,USA,12405,339,12298,29133309,775943,28614135
2024-03-23,USA,10244,1952,9767,29143553,777895,28623902
2024-03-22,USA,21511,1858,21232,29165064,779753,28645134
2024-03-21,USA,816,738,355,29165880,780491,28645489
2024-03-20,USA,35822,1708,35667,29201702,782199,28681156
2024-03-19,USA,21231,488,20751,29222933,782687,28701907
2024-03-18,USA,5771,1561,5548,29228704,784248,28707455
2024-03-17,USA,3303,946,3203,29232007,785194,28710658
2024-03-16,USA,877,651,759,29232884,785845,28711417
2024-03-15,USA,13028,1120,12856,29245912,786965,28724273
2024-03-14,USA,43171,353,42688,29289083,787318,28766961
2024-03-13,USA,32685,1226,32296,29321768,788544,28799257
2024-03-12,USA,38838,1685,38507,29360606,790229,28837764
2024-03-11,USA,34730,1322,34491,29395336,791551,28872255
2024-03-10,USA,5030,566,4539,29400366,792117,28876794
2025-03-09,India,28877,965,28578,19441862,167067,19275461
2025-03-08,India,3866,1055,3790,19445728,168122,19279251
2025-03-07,India,12413,123,11967,19458141,168245,19291218
2025-03-06,India,31626,958,31536,19489767,169203,19322754
2025-03-05,India,16488,1721,16323,19506255,170924,19339077
2025-03-04,India,47148,1881,46797,19553403,172805,19385874
2025-03-03,India,25060,907,24609,19578463,173712,19410483
2025-03-02,India,12021,970,11556,19590484,174682,19422039
2025-03-01,India,34728,1978,34691,19625212,176660,19456730
2025-02-28,India,18765,1112,18555,19643977,177772,19475285
2025-02-27,India,44677,111,44538,19688654,177883,19519823
2025-02-26,India,36216,773,35967,19724870,178656,19555790
2025-02-25,India,46621,1554,46492,19771491,180210,19602282
2025-02-24,India,17582,683,17212,19789073,180893,19619494
2025-02-23,India,9794,912,9554,19798867,181805,19629048
2025-02-22,India,3101,486,2956,19801968,182291,19632004
2025-02-21,India,33160,196,32698,19835128,182487,19664702
2025-02-20,India,41606,1726,41400,19876734,184213,19706102
2025-02-19,India,20997,951,20570,19897731,185164,19726672
2025-02-18,India,47202,1185,47066,19944933,186349,19773738
2025-02-17,India,24788,1922,24494,19969721,188271,19798232
2025-02-16,India,11960,1952,11504,19981681,190223,19809736
2025-02-15,India,6561,1459,6066,19988242,191682,19815802
2025-02-14,India,16380,1594,15959,20004622,193276,19831761
2025-02-13,India,20917,811,20430,20025539,194087,19852191
2025-02-12,India,12242,1981,11755,20037781,196068,19863946
2025-02-11,India,27909,1427,27714,20065690,197495,19891660
2025-02-10,India,41112,1452,40714,20106802,198947,19932374
2025-02-09,India,25284,1930,25247,20132086,200877,19957621
2025-02-08,India,24090,672,23818,20156176,201549,19981439
2025-02-07,India,48835,800,48635,20205011,202349,20030074
2025-02-06,India,1599,1393,1118,20206610,203742,20031192
2025-02-05,India,47965,1080,47583,20254575,204822,20078775
2025-02-04,India,22979,281,22919,20277554,205103,20101694
2025-02-03,India,6467,628,6159,20284021,205731,20107853
2025-02-02,India,46803,950,46417,20330824,206681,20154270
2025-02-01,India,14899,1367,14637,20345723,208048,20168907
2025-01-31,India,36566,86,36323,20382289,208134,20205230
2025-01-30,India,45423,641,44992,20427712,208775,20250222
2025-01-29,India,14255,1390,14238,20441967,210165,20264460
2025-01-28,India,3355,1639,3026,20445322,211804,20267486
2025-01-27,India,3544,717,3086,20448866,212521,20270572
2025-01-26,India,21887,69,21805,20470753,212590,20292377
2025-01-25,India,17665,1160,17455,20488418,213750,20309832
2025-01-24,India,34307,824,34192,20522725,214574,20344024
2025-01-23,India,36993,1024,36795,20559718,215598,20380819
2025-01-22,India,38225,1428,38147,20597943,217026,20418966
2025-01-21,India,18223,786,18009,20616166,217812,20436975
2025-01-20,India,33627,464,33381,20649793,218276,20470356
2025-01-19,India,44479,1303,44020,20694272,219579,20514376
2025-01-18,India,35014,1377,34717,20729286,220956,20549093
2025-01-17,India,4636,1431,4185,20733922,222387,20553278
2025-01-16,India,33344,190,33333,20767266,222577,20586611
2025-01-15,India,2911,939,2582,20770177,223516,20589193
2025-01-14,India,11849,395,11512,20782026,223911,20600705
2025-01-13,India,12509,1108,12307,20794535,225019,20613012
2025-01-12,India,49726,1771,49305,20844261,226790,20662317
2025-01-11,India,47669,321,47414,20891930,227111,20709731
2025-01-10,India,1202,1036,780,20893132,228147,20710511
2025-01-09,India,49694,144,49416,20942826,228291,20759927
2025-01-08,India,48178,1693,47865,20991004,229984,20807792
2025-01-07,India,27780,935,27469,21018784,230919,20835261
2025-01-06,India,18725,71,18428,21037509,230990,20853689
2025-01-05,India,28038,54,27913,21065547,231044,20881602
2025-01-04,India,49499,1533,49426,21115046,232577,20931028
2025-01-03,India,43568,1214,43115,21158614,233791,20974143
2025-01-02,India,17273,1789,16895,21175887,235580,20991038
2025-01-01,India,32829,415,32352,21208716,235995,21023390
2024-12-31,India,18898,1407,18596,21227614,237402,21041986
2024-12-30,India,44346,533,43857,21271960,237935,21085843
2024-12-29,India,26655,1173,26648,21298615,239108,21112491
2024-12-28,India,46599,1647,46429,21345214,240755,21158920
2024-12-27,India,11767,1161,11400,21356981,241916,21170320
2024-12-26,India,43623,793,43226,21400604,242709,21213546
2024-12-25,India,31904,920,31733,21432508,243629,21245279
2024-12-24,India,23406,393,23135,21455914,244022,21268414
2024-12-23,India,18455,407,18438,21474369,244429,21286852
2024-12-22,India,25636,1552,25219,21500005,245981,21312071
2024-12-21,India,6788,126,6669,21506793,246107,21318740
2024-12-20,India,6851,125,6572,21513644,246232,21325312
2024-12-19,India,16591,1383,16420,21530235,247615,21341732
2024-12-18,India,3660,1048,3260,21533895,248663,21344992
2024-12-17,India,18106,397,17687,21552001,249060,21362679
2024-12-16,India,24274,994,24238,21576275,250054,21386917
2024-12-15,India,6373,1178,6228,21582648,251232,21393145
2024-12-14,India,7729,1108,7293,21590377,252340,21400438
2024-12-13,India,23316,1967,22833,21613693,254307,21423271
2024-12-12,India,35631,1874,35329,21649324,256181,21458600
2024-12-11,India,46733,303,46267,21696057,256484,21504867
2024-12-10,India,22248,372,21915,21718305,256856,21526782
2024-12-09,India,5366,1079,5133,21723671,257935,21531915
2024-12-08,India,23480,470,23021,21747151,258405,21554936
2024-12-07,India,4361,308,3898,21751512,258713,21558834
2024-12-06,India,13655,1674,13309,21765167,260387,21572143
2024-12-05,India,20029,463,19589,21785196,260850,21591732
2024-12-04,India,49152,873,48676,21834348,261723,21640408
2024-12-03,India,13053,674,12676,21847401,262397,21653084
2024-12-02,India,48118,1910,48055,21895519,264307,21701139
2024-12-01,India,7460,343,7257,21902979,264650,21708396
2024-11-30,India,14490,119,14231,21917469,264769,21722627
2024-11-29,India,14445,368,14085,21931914,265137,21736712
2024-11-28,India,1333,375,979,21933247,265512,21737691
2024-11-27,India,2845,1415,2559,21936092,266927,21740250
2024-11-26,India,20777,1303,20599,21956869,268230,21760849
2024-11-25,India,33960,327,33884,21990829,268557,21794733
2024-11-24,India,43555,112,43251,22034384,268669,21837984
2024-11-23,India,5442,787,5121,22039826,269456,21843105
2024-11-22,India,8134,114,7795,22047960,269570,21850900
2024-11-21,India,15432,834,15296,22063392,270404,21866196
2024-11-20,India,10835,21,10457,22074227,270425,21876653
2024-11-19,India,20068,1120,19631,22094295,271545,21896284
2024-11-18,India,42371,1951,41909,22136666,273496,21938193
2024-11-17,India,41943,344,41843,22178609,273840,21980036
2024-11-16,India,33498,820,33297,22212107,274660,22013333
2024-11-15,India,14470,152,14375,22226577,274812,22027708
2024-11-14,India,42460,1558,42400,22269037,276370,22070108
2024-11-13,India,17342,394,17019,22286379,276764,22087127
2024-11-12,India,13848,563,13699,22300227,277327,22100826
2024-11-11,India,27571,911,27142,22327798,278238,22127968
2024-11-10,India,14604,1173,14488,22342402,279411,22142456
2024-11-09,India,43082,815,42633,22385484,280226,22185089
2024-11-08,India,36307,787,36056,22421791,281013,22221145
2024-11-07,India,11718,1902,11244,22433509,282915,22232389
2024-11-06,India,41680,1912,41357,22475189,284827,22273746
2024-11-05,India,6761,759,6433,22481950,285586,22280179
2024-11-04,India,31388,1846,31378,22513338,287432,22311557
2024-11-03,India,13428,1769,13074,22526766,289201,22324631
2024-11-02,India,25081,1176,24984,22551847,290377,22349615
2024-11-01,India,34144,1176,33782,22585991,291553,22383397
2024-10-31,India,8847,1177,8446,22594838,292730,22391843
2024-10-30,India,40929,1358,40743,22635767,294088,22432586
2024-10-29,India,19665,569,19579,22655432,294657,22452165
2024-10-28,India,30399,712,30154,22685831,295369,22482319
2024-10-27,India,11554,1507,11433,22697385,296876,22493752
2024-10-26,India,20854,415,20490,22718239,297291,22514242
2024-10-25,India,46345,1353,46068,22764584,298644,22560310
2024-10-24,India,7448,910,7122,22772032,299554,22567432
2024-10-23,India,9119,180,8859,22781151,299734,22576291
2024-10-22,India,30495,1141,30125,22811646,300875,22606416
2024-10-21,India,20266,1458,20233,22831912,302333,22626649
2024-10-20,India,11190,1616,10722,22843102,303949,22637371
2024-10-19,India,17814,1533,17446,22860916,305482,22654817
2024-10-18,India,28335,1093,27989,22889251,306575,22682806
2024-10-17,India,40757,1761,40594,22930008,308336,22723400
2024-10-16,India,38835,376,38354,22968843,308712,22761754
2024-10-15,India,46536,369,46055,23015379,309081,22807809
2024-10-14,India,12688,1604,12480,23028067,310685,22820289
2024-10-13,India,11962,814,11861,23040029,311499,22832150
2024-10-12,India,27526,157,27170,23067555,311656,22859320
2024-10-11,India,49312,1990,48984,23116867,313646,22908304
2024-10-10,India,23471,850,23345,23140338,314496,22931649
2024-10-09,India,5729,250,5271,23146067,314746,22936920
2024-10-08,India,28468,624,28184,23174535,315370,22965104
2024-10-07,India,48273,1091,48197,23222808,316461,23013301
2024-10-06,India,36505,1197,36240,23259313,317658,23049541
2024-10-05,India,13054,1325,12627,23272367,318983,23062168
2024-10-04,India,32379,586,32318,23304746,319569,23094486
2024-10-03,India,44832,1296,44482,23349578,320865,23138968
2024-10-02,India,37281,1932,36922,23386859,322797,23175890
2024-10-01,India,922,1363,469,23387781,324160,23176359
2024-09-30,India,11186,204,10721,23398967,324364,23187080
2024-09-29,India,34179,1313,33850,23433146,325677,23220930
2024-09-28,India,11940,1216,11519,23445086,326893,23232449
2024-09-27,India,5154,742,4751,23450240,327635,23237200
2024-09-26,India,45493,671,45245,23495733,328306,23282445
2024-09-25,India,16350,452,16236,23512083,328758,23298681
2024-09-24,India,8975,1075,8509,23521058,329833,23307190
2024-09-23,India,17348,1445,17322,23538406,331278,23324512
2024-09-22,India,5939,309,5793,23544345,331587,23330305
2024-09-21,India,30223,354,30145,23574568,331941,23360450
2024-09-20,India,18753,651,18353,23593321,332592,23378803
2024-09-19,India,16352,894,15861,23609673,333486,23394664
2024-09-18,India,49347,866,48899,23659020,334352,23443563
2024-09-17,India,10523,1176,10330,23669543,335528,23453893
2024-09-16,India,45963,481,45517,23715506,336009,23499410
2024-09-15,India,34081,787,33800,23749587,336796,23533210
2024-09-14,India,31668,707,31521,23781255,337503,23564731
2024-09-13,India,36396,970,36319,23817651,338473,23601050
2024-09-12,India,21893,239,21669,23839544,338712,23622719
2024-09-11,India,11377,375,11005,23850921,339087,23633724
2024-09-10,India,41089,508,40995,23892010,339595,23674719
2024-09-09,India,30549,915,30287,23922559,340510,23705006
2024-09-08,India,45358,1111,44933,23967917,341621,23749939
2024-09-07,India,32269,1838,31832,24000186,343459,23781771
2024-09-06,India,31954,1427,31619,24032140,344886,23813390
2024-09-05,India,36305,1291,35927,24068445,346177,23849317
2024-09-04,India,36005,1900,35661,24104450,348077,23884978
2024-09-03,India,18843,1911,18385,24123293,349988,23903363
2024-09-02,India,2445,1588,2272,24125738,351576,23905635
2024-09-01,India,20852,637,20628,24146590,352213,23926263
2024-08-31,India,859,1814,522,24147449,354027,23926785
2024-08-30,India,48675,57,48617,24196124,354084,23975402
2024-08-29,India,45517,1058,45412,24241641,355142,24020814
2024-08-28,India,22698,103,22616,24264339,355245,24043430
2024-08-27,India,14924,178,14573,24279263,355423,24058003
2024-08-26,India,43822,566,43383,24323085,355989,24101386
2024-08-25,India,8288,744,7966,24331373,356733,24109352
2024-08-24,India,3040,386,2933,24334413,357119,24112285
2024-08-23,India,1051,1157,938,24335464,358276,24113223
2024-08-22,India,26685,81,26290,24362149,358357,24139513
2024-08-21,India,36848,1784,36626,24398997,360141,24176139
2024-08-20,India,16861,620,16582,24415858,360761,24192721
2024-08-19,India,21062,1257,21047,24436920,362018,24213768
2024-08-18,India,32188,1595,32158,24469108,363613,24245926
2024-08-17,India,33116,1951,32629,24502224,365564,24278555
2024-08-16,India,30585,1240,30367,24532809,366804,24308922
2024-08-15,India,16057,97,15925,24548866,366901,24324847
2024-08-14,India,29368,698,29019,24578234,367599,24353866
2024-08-13,India,6058,717,5840,24584292,368316,24359706
2024-08-12,India,43761,175,43647,24628053,368491,24403353
2024-08-11,India,40345,1466,40142,24668398,369957,24443495
2024-08-10,India,48310,132,47888,24716708,370089,24491383
2024-08-09,India,14481,20,14000,24731189,370109,24505383
2024-08-08,India,15085,1456,14803,24746274,371565,24520186
2024-08-07,India,11175,1308,10695,24757449,372873,24530881
2024-08-06,India,8894,1131,8433,24766343,374004,24539314
2024-08-05,India,17805,1836,17307,24784148,375840,24556621
2024-08-04,India,40544,939,40241,24824692,376779,24596862
2024-08-03,India,6555,84,6090,24831247,376863,24602952
2024-08-02,India,1432,873,1232,24832679,377736,24604184
2024-08-01,India,15819,1055,15510,24848498,378791,24619694
2024-07-31,India,26038,1833,25714,24874536,380624,24645408
2024-07-30,India,41314,1136,41191,24915850,381760,24686599
2024-07-29,India,1509,1875,1419,24917359,383635,24688018
2024-07-28,India,18029,1518,17888,24935388,385153,24705906
2024-07-27,India,15529,1379,15290,24950917,386532,24721196
2024-07-26,India,11670,1998,11490,24962587,388530,24732686
2024-07-25,India,22525,1195,22316,24985112,389725,24755002
2024-07-24,India,34900,12,34802,25020012,389737,24789804
2024-07-23,India,33626,928,33434,25053638,390665,24823238
2024-07-22,India,39223,968,38847,25092861,391633,24862085
2024-07-21,India,10168,335,9738,25103029,391968,24871823
2024-07-20,India,44534,1054,44505,25147563,393022,24916328
2024-07-19,India,17216,1174,16987,25164779,394196,24933315
2024-07-18,India,22411,567,22321,25187190,394763,24955636
2024-07-17,India,45728,1287,45362,25232918,396050,25000998
2024-07-16,India,9135,824,9038,25242053,396874,25010036
2024-07-15,India,5669,1928,5263,25247722,398802,25015299
2024-07-14,India,18598,16,18209,25266320,398818,25033508
2024-07-13,India,43110,1905,42752,25309430,400723,25076260
2024-07-12,India,13606,1017,13171,25323036,401740,25089431
2024-07-11,India,30803,1935,30590,25353839,403675,25120021
2024-07-10,India,35975,1476,35627,25389814,405151,25155648
2024-07-09,India,10092,391,10025,25399906,405542,25165673
2024-07-08,India,13076,1331,12673,25412982,406873,25178346
2024-07-07,India,48288,1573,47995,25461270,408446,25226341
2024-07-06,India,28547,271,28363,25489817,408717,25254704
2024-07-05,India,34912,1958,34828,25524729,410675,25289532
2024-07-04,India,33279,588,32922,25558008,411263,25322454
2024-07-03,India,41023,1250,40925,25599031,412513,25363379
2024-07-02,India,4165,118,3904,25603196,412631,25367283
2024-07-01,India,20549,379,20244,25623745,413010,25387527
2024-06-30,India,12222,1250,11758,25635967,414260,25399285
2024-06-29,India,29080,1279,28582,25665047,415539,25427867
2024-06-28,India,42180,897,42174,25707227,416436,25470041
2024-06-27,India,21633,519,21552,25728860,416955,25491593
2024-06-26,India,7976,1351,7656,25736836,418306,25499249
2024-06-25,India,46457,1997,46021,25783293,420303,25545270
2024-06-24,India,18969,327,18675,25802262,420630,25563945
2024-06-23,India,16638,608,16269,25818900,421238,25580214
2024-06-22,India,3999,1244,3793,25822899,422482,25584007
2024-06-21,India,18955,1790,18881,25841854,424272,25602888
2024-06-20,India,41262,1696,40894,25883116,425968,25643782
2024-06-19,India,41355,1147,41093,25924471,427115,25684875
2024-06-18,India,23083,1579,22971,25947554,428694,25707846
2024-06-17,India,23461,364,23025,25971015,429058,25730871
2024-06-16,India,24916,665,24473,25995931,429723,25755344
2024-06-15,India,20030,1698,19545,26015961,431421,25774889
2024-06-14,India,48127,333,48112,26064088,431754,25823001
2024-06-13,India,41802,53,41749,26105890,431807,25864750
2024-06-12,India,45771,975,45662,26151661,432782,25910412
2024-06-11,India,6664,1946,6336,26158325,434728,25916748
2024-06-10,India,36346,88,36022,26194671,434816,25952770
2024-06-09,India,32209,1406,31998,26226880,436222,25984768
2024-06-08,India,36685,1717,36677,26263565,437939,26021445
2024-06-07,India,27751,954,27714,26291316,438893,26049159
2024-06-06,India,634,1965,194,26291950,440858,26049353
2024-06-05,India,41913,1314,41598,26333863,442172,26090951
2024-06-04,India,38389,1576,38083,26372252,443748,26129034
2024-06-03,India,28487,665,28446,26400739,444413,26157480
2024-06-02,India,31529,293,31114,26432268,444706,26188594
2024-06-01,India,14024,920,13666,26446292,445626,26202260
2024-05-31,India,30851,817,30655,26477143,446443,26232915
2024-05-30,India,36284,408,36145,26513427,446851,26269060
2024-05-29,India,20665,503,20404,26534092,447354,26289464
2024-05-28,India,41268,1061,41217,26575360,448415,26330681
2024-05-27,India,30605,1372,30399,26605965,449787,26361080
2024-05-26,India,21483,1082,21169,26627448,450869,26382249
2024-05-25,India,30972,1965,30813,26658420,452834,26413062
2024-05-24,India,35618,1372,35392,26694038,454206,26448454
2024-05-23,India,42848,856,42805,26736886,455062,26491259
2024-05-22,India,11747,1774,11376,26748633,456836,26502635
2024-05-21,India,31086,1812,30803,26779719,458648,26533438
2024-05-20,India,43874,622,43614,26823593,459270,26577052
2024-05-19,India,31875,1022,31612,26855468,460292,26608664
2024-05-18,India,27657,1408,27579,26883125,461700,26636243
2024-05-17,India,5216,155,5071,26888341,461855,26641314
2024-05-16,India,7452,281,7002,26895793,462136,26648316
2024-05-15,India,12268,985,12262,26908061,463121,26660578
2024-05-14,India,43130,1983,42848,26951191,465104,26703426
2024-05-13,India,31781,1716,31527,26982972,466820,26734953
2024-05-12,India,46953,57,46707,27029925,466877,26781660
2024-05-11,India,31356,1535,31340,27061281,468412,26813000
2024-05-10,India,22954,1246,22482,27084235,469658,26835482
2024-05-09,India,49673,1484,49441,27133908,471142,26884923
2024-05-08,India,36209,1495,35952,27170117,472637,26920875
2024-05-07,India,32834,1803,32683,27202951,474440,26953558
2024-05-06,India,18611,1839,18327,27221562,476279,26971885
2024-05-05,India,33830,1089,33336,27255392,477368,27005221
2024-05-04,India,43490,1369,43248,27298882,478737,27048469
2024-05-03,India,35220,693,35139,27334102,479430,27083608
2024-05-02,India,13697,1185,13608,27347799,480615,27097216
2024-05-01,India,46060,1900,45610,27393859,482515,27142826
2024-04-30,India,34202,750,34066,27428061,483265,27176892
2024-04-29,India,34014,1277,33761,27462075,484542,27210653
2024-04-28,India,1402,1053,1352,27463477,485595,27212005
2024-04-27,India,18312,1465,18105,27481789,487060,27230110
2024-04-26,India,38872,160,38587,27520661,487220,27268697
2024-04-25,India,48432,1423,47989,27569093,488643,27316686
2024-04-24,India,43022,1611,42530,27612115,490254,27359216
2024-04-23,India,19504,942,19262,27631619,491196,27378478
2024-04-22,India,43231,1439,42767,27674850,492635,27421245
2024-04-21,India,26905,1481,26587,27701755,494116,27447832
2024-04-20,India,21086,80,21028,27722841,494196,27468860
2024-04-19,India,22071,956,21572,27744912,495152,27490432
2024-04-18,India,15945,1535,15656,27760857,496687,27506088
2024-04-17,India,11821,559,11697,27772678,497246,27517785
2024-04-16,India,42699,1389,42362,27815377,498635,27560147
2024-04-15,India,13940,1018,13552,27829317,499653,27573699
2024-04-14,India,49496,273,49488,27878813,499926,27623187
2024-04-13,India,29965,467,29672,27908778,500393,27652859
2024-04-12,India,18387,1198,18286,27927165,501591,27671145
2024-04-11,India,12254,1688,11926,27939419,503279,27683071
2024-04-10,India,43339,1697,43217,27982758,504976,27726288
2024-04-09,India,32765,331,32423,28015523,505307,27758711
2024-04-08,India,6356,1179,6305,28021879,506486,27765016
2024-04-07,India,9832,73,9345,28031711,506559,27774361
2024-04-06,India,33916,360,33684,28065627,506919,27808045
2024-04-05,India,17069,356,16624,28082696,507275,27824669
2024-04-04,India,37812,1463,37758,28120508,508738,27862427
2024-04-03,India,47198,549,46709,28167706,509287,27909136
2024-04-02,India,1034,356,827,28168740,509643,27909963
2024-04-01,India,34892,774,34743,28203632,510417,27944706
2024-03-31,India,27134,1497,27055,28230766,511914,27971761
2024-03-30,India,45049,683,44834,28275815,512597,28016595
2024-03-29,India,47839,533,47571,28323654,513130,28064166
2024-03-28,India,25746,831,25319,28349400,513961,28089485
2024-03-27,India,5097,1498,4760,28354497,515459,28094245
2024-03-26,India,6833,1950,6468,28361330,517409,28100713
2024-03-25,India,5013,917,4680,28366343,518326,28105393
2024-03-24,India,36848,843,36646,28403191,519169,28142039
2024-03-23,India,9592,766,9127,28412783,519935,28151166
2024-03-22,India,15066,530,14792,28427849,520465,28165958
2024-03-21,India,24027,743,23894,28451876,521208,28189852
2024-03-20,India,7125,575,6707,28459001,521783,28196559
2024-03-19,India,34535,708,34107,28493536,522491,28230666
2024-03-18,India,31618,790,31152,28525154,523281,28261818
2024-03-17,India,6504,237,6292,28531658,523518,28268110
2024-03-16,India,11425,1561,11270,28543083,525079,28279380
2024-03-15,India,46407,33,46227,28589490,525112,28325607
2024-03-14,India,45997,1990,45574,28635487,527102,28371181
2024-03-13,India,49474,1195,49037,28684961,528297,28420218
2024-03-12,India,21157,717,20833,28706118,529014,28441051
2024-03-11,India,15633,1739,15143,28721751,530753,28456194
2024-03-10,India,41175,1942,40823,28762926,532695,28497017
2025-03-09,Brazil,12386,180,12189,10066570,198031,9868522
2025-03-08,Brazil,26248,1804,25803,10092818,199835,9894325
2025-03-07,Brazil,19110,965,19083,10111928,200800,9913408
2025-03-06,Brazil,34752,1573,34278,10146680,202373,9947686
2025-03-05,Brazil,19246,812,19053,10165926,203185,9966739
2025-03-04,Brazil,33862,153,33758,10199788,203338,10000497
2025-03-03,Brazil,23708,1529,23644,10223496,204867,10024141
2025-03-02,Brazil,7244,629,6992,10230740,205496,10031133
2025-03-01,Brazil,7766,352,7642,10238506,205848,10038775
2025-02-28,Brazil,16880,408,16430,10255386,206256,10055205
2025-02-27,Brazil,34082,752,34070,10289468,207008,10089275
2025-02-26,Brazil,28588,567,28439,10318056,207575,10117714
2025-02-25,Brazil,12645,689,12513,10330701,208264,10130227
2025-02-24,Brazil,29558,505,29264,10360259,208769,10159491
2025-02-23,Brazil,13614,45,13369,10373873,208814,10172860
2025-02-22,Brazil,26404,1427,26264,10400277,210241,10199124
2025-02-21,Brazil,1770,756,1644,10402047,210997,10200768
2025-02-20,Brazil,37391,721,37020,10439438,211718,10237788
2025-02-19,Brazil,33803,42,33685,10473241,211760,10271473
2025-02-18,Brazil,48882,752,48499,10522123,212512,10319972
2025-02-17,Brazil,27454,1381,27112,10549577,213893,10347084
2025-02-16,Brazil,9288,1039,9179,10558865,214932,10356263
2025-02-15,Brazil,21382,1399,21093,10580247,216331,10377356
2025-02-14,Brazil,41553,604,41347,10621800,216935,10418703
2025-02-13,Brazil,26260,1980,26047,10648060,218915,10444750
2025-02-12,Brazil,2558,844,2306,10650618,219759,10447056
2025-02-11,Brazil,29824,1670,29726,10680442,221429,10476782
2025-02-10,Brazil,25034,1768,24748,10705476,223197,10501530
2025-02-09,Brazil,20647,1781,20367,10726123,224978,10521897
2025-02-08,Brazil,10183,1727,9731,10736306,226705,10531628
2025-02-07,Brazil,26861,1872,26423,10763167,228577,10558051
2025-02-06,Brazil,21591,897,21136,10784758,229474,10579187
2025-02-05,Brazil,30711,1497,30638,10815469,230971,10609825
2025-02-04,Brazil,44484,1773,44330,10859953,232744,10654155
2025-02-03,Brazil,15249,989,14750,10875202,233733,10668905
2025-02-02,Brazil,46246,1504,45963,10921448,235237,10714868
2025-02-01,Brazil,26529,881,26394,10947977,236118,10741262
2025-01-31,Brazil,24926,653,24824,10972903,236771,10766086
2025-01-30,Brazil,32779,429,32382,11005682,237200,10798468
2025-01-29,Brazil,5333,1179,4960,11011015,238379,10803428
2025-01-28,Brazil,6150,1743,5672,11017165,240122,10809100
2025-01-27,Brazil,40152,1042,39696,11057317,241164,10848796
2025-01-26,Brazil,30484,1961,30113,11087801,243125,10878909
2025-01-25,Brazil,9484,308,9418,11097285,243433,10888327
2025-01-24,Brazil,31075,406,30954,11128360,243839,10919281
2025-01-23,Brazil,30016,1750,29721,11158376,245589,10949002
2025-01-22,Brazil,40070,738,39753,11198446,246327,10988755
2025-01-21,Brazil,16209,1419,15935,11214655,247746,11004690
2025-01-20,Brazil,33434,1007,33397,11248089,248753,11038087
2025-01-19,Brazil,45146,898,44849,11293235,249651,11082936
2025-01-18,Brazil,26656,443,26365,11319891,250094,11109301
2025-01-17,Brazil,19084,130,19026,11338975,250224,11128327
2025-01-16,Brazil,40423,1769,39954,11379398,251993,11168281
2025-01-15,Brazil,17208,350,17055,11396606,252343,11185336
2025-01-14,Brazil,38564,519,38197,11435170,252862,11223533
2025-01-13,Brazil,27102,1922,26797,11462272,254784,11250330
2025-01-12,Brazil,6278,1256,5887,11468550,256040,11256217
2025-01-11,Brazil,35869,1403,35810,11504419,257443,11292027
2025-01-10,Brazil,35888,1752,35799,11540307,259195,11327826
2025-01-09,Brazil,43589,1908,43287,11583896,261103,11371113
2025-01-08,Brazil,17668,936,17291,11601564,262039,11388404
2025-01-07,Brazil,24469,1503,24098,11626033,263542,11412502
2025-01-06,Brazil,3722,1459,3226,11629755,265001,11415728
2025-01-05,Brazil,48600,1231,48196,11678355,266232,11463924
2025-01-04,Brazil,45101,1908,44809,11723456,268140,11508733
2025-01-03,Brazil,39327,1470,39180,11762783,269610,11547913
2025-01-02,Brazil,47798,1513,47793,11810581,271123,11595706
2025-01-01,Brazil,19939,1613,19492,11830520,272736,11615198
2024-12-31,Brazil,23759,1206,23424,11854279,273942,11638622
2024-12-30,Brazil,14517,20,14069,11868796,273962,11652691
2024-12-29,Brazil,9934,1605,9590,11878730,275567,11662281
2024-12-28,Brazil,17434,800,17394,11896164,276367,11679675
2024-12-27,Brazil,41114,1611,40641,11937278,277978,11720316
2024-12-26,Brazil,21753,478,21350,11959031,278456,11741666
2024-12-25,Brazil,17886,1251,17511,11976917,279707,11759177
2024-12-24,Brazil,26640,818,26245,12003557,280525,11785422
2024-12-23,Brazil,39879,494,39591,12043436,281019,11825013
2024-12-22,Brazil,46589,1104,46162,12090025,282123,11871175
2024-12-21,Brazil,28213,1574,28020,12118238,283697,11899195
2024-12-20,Brazil,36138,161,35959,12154376,283858,11935154
2024-12-19,Brazil,44149,1739,44075,12198525,285597,11979229
2024-12-18,Brazil,2557,750,2063,12201082,286347,11981292
2024-12-17,Brazil,44244,1026,43899,12245326,287373,12025191
2024-12-16,Brazil,32975,999,32902,12278301,288372,12058093
2024-12-15,Brazil,48058,835,48008,12326359,289207,12106101
2024-12-14,Brazil,35556,1149,35229,12361915,290356,12141330
2024-12-13,Brazil,17900,26,17657,12379815,290382,12158987
2024-12-12,Brazil,49706,1087,49414,12429521,291469,12208401
2024-12-11,Brazil,26068,891,25823,12455589,292360,12234224
2024-12-10,Brazil,4440,1578,4324,12460029,293938,12238548
2024-12-09,Brazil,44976,75,44853,12505005,294013,12283401
2024-12-08,Brazil,24445,1126,24204,12529450,295139,12307605
2024-12-07,Brazil,28470,962,28170,12557920,296101,12335775
2024-12-06,Brazil,34487,97,34102,12592407,296198,12369877
2024-12-05,Brazil,44573,1564,44264,12636980,297762,12414141
2024-12-04,Brazil,762,1012,365,12637742,298774,12414506
2024-12-03,Brazil,10984,1696,10854,12648726,300470,12425360
2024-12-02,Brazil,10491,882,10117,12659217,301352,12435477
2024-12-01,Brazil,13767,1181,13676,12672984,302533,12449153
2024-11-30,Brazil,17981,894,17491,12690965,303427,12466644
2024-11-29,Brazil,1137,366,1080,12692102,303793,12467724
2024-11-28,Brazil,27246,1892,27236,12719348,305685,12494960
2024-11-27,Brazil,21075,658,20758,12740423,306343,12515718
2024-11-26,Brazil,8515,1005,8483,12748938,307348,12524201
2024-11-25,Brazil,32346,794,32158,12781284,308142,12556359
2024-11-24,Brazil,23420,1678,23051,12804704,309820,12579410
2024-11-23,Brazil,6111,836,5940,12810815,310656,12585350
2024-11-22,Brazil,7458,584,7343,12818273,311240,12592693
2024-11-21,Brazil,28884,1109,28707,12847157,312349,12621400
2024-11-20,Brazil,10523,575,10215,12857680,312924,12631615
2024-11-19,Brazil,30234,1049,29819,12887914,313973,12661434
2024-11-18,Brazil,7375,1384,7072,12895289,315357,12668506
2024-11-17,Brazil,35350,710,34878,12930639,316067,12703384
2024-11-16,Brazil,17229,1764,16950,12947868,317831,12720334
2024-11-15,Brazil,11521,800,11433,12959389,318631,12731767
2024-11-14,Brazil,38829,1249,38468,12998218,319880,12770235
2024-11-13,Brazil,5602,1794,5243,13003820,321674,12775478
2024-11-12,Brazil,23261,997,23152,13027081,322671,12798630
2024-11-11,Brazil,24615,1760,24420,13051696,324431,12823050
2024-11-10,Brazil,44190,918,43915,13095886,325349,12866965
2024-11-09,Brazil,44183,929,43850,13140069,326278,12910815
2024-11-08,Brazil,24753,1678,24484,13164822,327956,12935299
2024-11-07,Brazil,5622,1073,5502,13170444,329029,12940801
2024-11-06,Brazil,2867,1303,2462,13173311,330332,12943263
2024-11-05,Brazil,31438,1309,30961,13204749,331641,12974224
2024-11-04,Brazil,36200,1264,35803,13240949,332905,13010027
2024-11-03,Brazil,38649,351,38339,13279598,333256,13048366
2024-11-02,Brazil,22172,352,21734,13301770,333608,13070100
2024-11-01,Brazil,36067,1643,35897,13337837,335251,13105997
2024-10-31,Brazil,28764,1413,28706,13366601,336664,13134703
2024-10-30,Brazil,40940,145,40564,13407541,336809,13175267
2024-10-29,Brazil,26225,1971,25815,13433766,338780,13201082
2024-10-28,Brazil,14146,1120,13773,13447912,339900,13214855
2024-10-27,Brazil,8452,1219,8052,13456364,341119,13222907
2024-10-26,Brazil,10830,1050,10446,13467194,342169,13233353
2024-10-25,Brazil,17532,532,17443,13484726,342701,13250796
2024-10-24,Brazil,30838,1703,30697,13515564,344404,13281493
2024-10-23,Brazil,25461,770,25152,13541025,345174,13306645
2024-10-22,Brazil,27054,1885,26893,13568079,347059,13333538
2024-10-21,Brazil,2622,1108,2206,13570701,348167,13335744
2024-10-20,Brazil,1622,1010,1249,13572323,349177,13336993
2024-10-19,Brazil,16786,1990,16663,13589109,351167,13353656
2024-10-18,Brazil,47600,1182,47210,13636709,352349,13400866
2024-10-17,Brazil,2781,1684,2529,13639490,354033,13403395
2024-10-16,Brazil,43385,537,43281,13682875,354570,13446676
2024-10-15,Brazil,16600,870,16367,13699475,355440,13463043
2024-10-14,Brazil,44884,1679,44635,13744359,357119,13507678
2024-10-13,Brazil,5093,926,5074,13749452,358045,13512752
2024-10-12,Brazil,10928,1097,10689,13760380,359142,13523441
2024-10-11,Brazil,20627,1701,20430,13781007,360843,13543871
2024-10-10,Brazil,32239,1595,31880,13813246,362438,13575751
2024-10-09,Brazil,45778,1770,45395,13859024,364208,13621146
2024-10-08,Brazil,21841,1416,21700,13880865,365624,13642846
2024-10-07,Brazil,3040,935,2983,13883905,366559,13645829
2024-10-06,Brazil,15124,422,14895,13899029,366981,13660724
2024-10-05,Brazil,28577,363,28082,13927606,367344,13688806
2024-10-04,Brazil,45375,380,45254,13972981,367724,13734060
2024-10-03,Brazil,21232,1045,21079,13994213,368769,13755139
2024-10-02,Brazil,35235,72,34829,14029448,368841,13789968
2024-10-01,Brazil,33405,1751,33217,14062853,370592,13823185
2024-09-30,Brazil,16042,282,16011,14078895,370874,13839196
2024-09-29,Brazil,44653,1482,44202,14123548,372356,13883398
2024-09-28,Brazil,24289,906,23915,14147837,373262,13907313
2024-09-27,Brazil,19851,1217,19694,14167688,374479,13927007
2024-09-26,Brazil,8062,1348,7881,14175750,375827,13934888
2024-09-25,Brazil,11606,188,11589,14187356,376015,13946477
2024-09-24,Brazil,23312,375,23192,14210668,376390,13969669
2024-09-23,Brazil,10085,1614,9913,14220753,378004,13979582
2024-09-22,Brazil,24153,1145,23672,14244906,379149,14003254
2024-09-21,Brazil,25954,1258,25746,14270860,380407,14029000
2024-09-20,Brazil,19712,1974,19386,14290572,382381,14048386
2024-09-19,Brazil,38844,632,38409,14329416,383013,14086795
2024-09-18,Brazil,5099,673,5020,14334515,383686,14091815
2024-09-17,Brazil,12982,456,12723,14347497,384142,14104538
2024-09-16,Brazil,30206,1461,29863,14377703,385603,14134401
2024-09-15,Brazil,8203,1971,7837,14385906,387574,14142238
2024-09-14,Brazil,11481,171,11115,14397387,387745,14153353
2024-09-13,Brazil,14144,1379,13685,14411531,389124,14167038
2024-09-12,Brazil,44340,1071,44271,14455871,390195,14211309
2024-09-11,Brazil,48349,1716,47920,14504220,391911,14259229
2024-09-10,Brazil,3941,223,3713,14508161,392134,14262942
2024-09-09,Brazil,8880,1670,8478,14517041,393804,14271420
2024-09-08,Brazil,48300,1526,48123,14565341,395330,14319543
2024-09-07,Brazil,47021,1691,46732,14612362,397021,14366275
2024-09-06,Brazil,3769,479,3492,14616131,397500,14369767
2024-09-05,Brazil,34319,442,34115,14650450,397942,14403882
2024-09-04,Brazil,45573,1841,45475,14696023,399783,14449357
2024-09-03,Brazil,9828,556,9810,14705851,400339,14459167
2024-09-02,Brazil,46875,1080,46507,14752726,401419,14505674
2024-09-01,Brazil,24488,1394,24064,14777214,402813,14529738
2024-08-31,Brazil,45041,978,44838,14822255,403791,14574576
2024-08-30,Brazil,6028,972,5916,14828283,404763,14580492
2024-08-29,Brazil,30777,160,30454,14859060,404923,14610946
2024-08-28,Brazil,20642,1258,20518,14879702,406181,14631464
2024-08-27,Brazil,19303,1653,18953,14899005,407834,14650417
2024-08-26,Brazil,40248,1781,40211,14939253,409615,14690628
2024-08-25,Brazil,6534,173,6371,14945787,409788,14696999
2024-08-24,Brazil,2262,989,2141,14948049,410777,14699140
2024-08-23,Brazil,48222,1662,48183,14996271,412439,14747323
2024-08-22,Brazil,47380,726,47134,15043651,413165,14794457
2024-08-21,Brazil,22356,91,22317,15066007,413256,14816774
2024-08-20,Brazil,28976,1462,28532,15094983,414718,14845306
2024-08-19,Brazil,10234,1481,9799,15105217,416199,14855105
2024-08-18,Brazil,29280,1035,29226,15134497,417234,14884331
2024-08-17,Brazil,16997,1064,16967,15151494,418298,14901298
2024-08-16,Brazil,22946,342,22682,15174440,418640,14923980
2024-08-15,Brazil,19210,1643,19107,15193650,420283,14943087
2024-08-14,Brazil,28031,1265,27760,15221681,421548,14970847
2024-08-13,Brazil,17308,856,16929,15238989,422404,14987776
2024-08-12,Brazil,25062,1159,24823,15264051,423563,15012599
2024-08-11,Brazil,20861,703,20588,15284912,424266,15033187
2024-08-10,Brazil,28660,1356,28516,15313572,425622,15061703
2024-08-09,Brazil,43442,965,43168,15357014,426587,15104871
2024-08-08,Brazil,46775,1711,46334,15403789,428298,15151205
2024-08-07,Brazil,3174,464,2971,15406963,428762,15154176
2024-08-06,Brazil,38866,166,38590,15445829,428928,15192766
2024-08-05,Brazil,1412,258,1126,15447241,429186,15193892
2024-08-04,Brazil,43396,85,43006,15490637,429271,15236898
2024-08-03,Brazil,25741,20,25320,15516378,429291,15262218
2024-08-02,Brazil,30220,1962,29999,15546598,431253,15292217
2024-08-01,Brazil,43368,1948,42973,15589966,433201,15335190
2024-07-31,Brazil,15577,633,15517,15605543,433834,15350707
2024-07-30,Brazil,12851,514,12637,15618394,434348,15363344
2024-07-29,Brazil,10187,914,9950,15628581,435262,15373294
2024-07-28,Brazil,32824,1194,32675,15661405,436456,15405969
2024-07-27,Brazil,25187,65,24853,15686592,436521,15430822
2024-07-26,Brazil,49564,577,49170,15736156,437098,15479992
2024-07-25,Brazil,36018,284,35550,15772174,437382,15515542
2024-07-24,Brazil,32904,1251,32732,15805078,438633,15548274
2024-07-23,Brazil,45355,1653,45217,15850433,440286,15593491
2024-07-22,Brazil,26821,1205,26703,15877254,441491,15620194
2024-07-21,Brazil,9967,1777,9512,15887221,443268,15629706
2024-07-20,Brazil,45163,1554,45020,15932384,444822,15674726
2024-07-19,Brazil,3934,1856,3654,15936318,446678,15678380
2024-07-18,Brazil,38915,1759,38694,15975233,448437,15717074
2024-07-17,Brazil,48112,619,47704,16023345,449056,15764778
2024-07-16,Brazil,43619,1857,43382,16066964,450913,15808160
2024-07-15,Brazil,44180,1651,43755,16111144,452564,15851915
2024-07-14,Brazil,21528,462,21283,16132672,453026,15873198
2024-07-13,Brazil,19304,358,19292,16151976,453384,15892490
2024-07-12,Brazil,15169,1592,15057,16167145,454976,15907547
2024-07-11,Brazil,32792,569,32580,16199937,455545,15940127
2024-07-10,Brazil,31307,545,30937,16231244,456090,15971064
2024-07-09,Brazil,9695,857,9514,16240939,456947,15980578
2024-07-08,Brazil,3968,864,3704,16244907,457811,15984282
2024-07-07,Brazil,40312,1467,40255,16285219,459278,16024537
2024-07-06,Brazil,18078,1140,17743,16303297,460418,16042280
2024-07-05,Brazil,48566,177,48480,16351863,460595,16090760
2024-07-04,Brazil,13889,1482,13794,16365752,462077,16104554
2024-07-03,Brazil,38392,915,38211,16404144,462992,16142765
2024-07-02,Brazil,5246,1246,5220,16409390,464238,16147985
2024-07-01,Brazil,14501,702,14344,16423891,464940,16162329
2024-06-30,Brazil,46655,1165,46303,16470546,466105,16208632
2024-06-29,Brazil,20738,324,20648,16491284,466429,16229280
2024-06-28,Brazil,45784,266,45315,16537068,466695,16274595
2024-06-27,Brazil,29457,1989,29267,16566525,468684,16303862
2024-06-26,Brazil,4894,531,4686,16571419,469215,16308548
2024-06-25,Brazil,46957,591,46762,16618376,469806,16355310
2024-06-24,Brazil,13287,855,13230,16631663,470661,16368540
2024-06-23,Brazil,4655,911,4493,16636318,471572,16373033
2024-06-22,Brazil,20351,202,20039,16656669,471774,16393072
2024-06-21,Brazil,25481,1110,25015,16682150,472884,16418087
2024-06-20,Brazil,31055,1456,30879,16713205,474340,16448966
2024-06-19,Brazil,14601,612,14278,16727806,474952,16463244
2024-06-18,Brazil,17668,306,17473,16745474,475258,16480717
2024-06-17,Brazil,22627,712,22179,16768101,475970,16502896
2024-06-16,Brazil,6106,1467,6093,16774207,477437,16508989
2024-06-15,Brazil,26383,538,26242,16800590,477975,16535231
2024-06-14,Brazil,30372,483,29993,16830962,478458,16565224
2024-06-13,Brazil,12614,698,12274,16843576,479156,16577498
2024-06-12,Brazil,32082,1988,31883,16875658,481144,16609381
2024-06-11,Brazil,31681,802,31566,16907339,481946,16640947
2024-06-10,Brazil,37190,1627,37174,16944529,483573,16678121
2024-06-09,Brazil,2768,972,2301,16947297,484545,16680422
2024-06-08,Brazil,42005,1169,41933,16989302,485714,16722355
2024-06-07,Brazil,30404,1753,30286,17019706,487467,16752641
2024-06-06,Brazil,29426,1117,28948,17049132,488584,16781589
2024-06-05,Brazil,9054,1109,9003,17058186,489693,16790592
2024-06-04,Brazil,45259,630,44769,17103445,490323,16835361
2024-06-03,Brazil,13782,886,13292,17117227,491209,16848653
2024-06-02,Brazil,27522,281,27259,17144749,491490,16875912
2024-06-01,Brazil,17268,1841,16941,17162017,493331,16892853
2024-05-31,Brazil,44863,477,44801,17206880,493808,16937654
2024-05-30,Brazil,10143,1582,10131,17217023,495390,16947785
2024-05-29,Brazil,43824,1276,43805,17260847,496666,16991590
2024-05-28,Brazil,16590,1975,16492,17277437,498641,17008082
2024-05-27,Brazil,20687,736,20557,17298124,499377,17028639
2024-05-26,Brazil,46314,712,46114,17344438,500089,17074753
2024-05-25,Brazil,33127,1684,33049,17377565,501773,17107802
2024-05-24,Brazil,15061,496,14757,17392626,502269,17122559
2024-05-23,Brazil,48152,1759,47859,17440778,504028,17170418
2024-05-22,Brazil,42284,1808,42092,17483062,505836,17212510
2024-05-21,Brazil,49652,758,49186,17532714,506594,17261696
2024-05-20,Brazil,7100,36,6907,17539814,506630,17268603
2024-05-19,Brazil,26623,303,26537,17566437,506933,17295140
2024-05-18,Brazil,14941,1596,14759,17581378,508529,17309899
2024-05-17,Brazil,17014,324,16808,17598392,508853,17326707
2024-05-16,Brazil,48972,1054,48530,17647364,509907,17375237
2024-05-15,Brazil,25527,661,25191,17672891,510568,17400428
2024-05-14,Brazil,29274,1288,29148,17702165,511856,17429576
2024-05-13,Brazil,46494,1737,46046,17748659,513593,17475622
2024-05-12,Brazil,7169,98,7056,17755828,513691,17482678
2024-05-11,Brazil,25839,720,25448,17781667,514411,17508126
2024-05-10,Brazil,37186,412,36963,17818853,514823,17545089
2024-05-09,Brazil,12564,1967,12157,17831417,516790,17557246
2024-05-08,Brazil,35888,992,35729,17867305,517782,17592975
2024-05-07,Brazil,14767,1592,14573,17882072,519374,17607548
2024-05-06,Brazil,7243,1154,7099,17889315,520528,17614647
2024-05-05,Brazil,46933,409,46922,17936248,520937,17661569
2024-05-04,Brazil,34165,1655,33785,17970413,522592,17695354
2024-05-03,Brazil,17513,26,17304,17987926,522618,17712658
2024-05-02,Brazil,41643,773,41183,18029569,523391,17753841
2024-05-01,Brazil,42936,1897,42544,18072505,525288,17796385
2024-04-30,Brazil,40969,1765,40698,18113474,527053,17837083
2024-04-29,Brazil,48036,1043,47744,18161510,528096,17884827
2024-04-28,Brazil,2234,610,1789,18163744,528706,17886616
2024-04-27,Brazil,18560,74,18329,18182304,528780,17904945
2024-04-26,Brazil,24039,1634,24028,18206343,530414,17928973
2024-04-25,Brazil,24134,935,24112,18230477,531349,17953085
2024-04-24,Brazil,26223,1928,26147,18256700,533277,17979232
2024-04-23,Brazil,10345,348,10105,18267045,533625,17989337
2024-04-22,Brazil,17605,1008,17533,18284650,534633,18006870
2024-04-21,Brazil,31203,342,31079,18315853,534975,18037949
2024-04-20,Brazil,33302,1725,33147,18349155,536700,18071096
2024-04-19,Brazil,16409,1932,16263,18365564,538632,18087359
2024-04-18,Brazil,12830,1276,12632,18378394,539908,18099991
2024-04-17,Brazil,26142,385,25964,18404536,540293,18125955
2024-04-16,Brazil,44050,1388,43892,18448586,541681,18169847
2024-04-15,Brazil,49512,1612,49222,18498098,543293,18219069
2024-04-14,Brazil,31930,1084,31871,18530028,544377,18250940
2024-04-13,Brazil,30639,732,30482,18560667,545109,18281422
2024-04-12,Brazil,22219,1041,21832,18582886,546150,18303254
2024-04-11,Brazil,38551,691,38540,18621437,546841,18341794
2024-04-10,Brazil,45611,660,45470,18667048,547501,18387264
2024-04-09,Brazil,28347,969,27914,18695395,548470,18415178
2024-04-08,Brazil,48259,947,48145,18743654,549417,18463323
2024-04-07,Brazil,8830,1084,8619,18752484,550501,18471942
2024-04-06,Brazil,12558,960,12454,18765042,551461,18484396
2024-04-05,Brazil,16563,1934,16213,18781605,553395,18500609
2024-04-04,Brazil,25218,1845,24864,18806823,555240,18525473
2024-04-03,Brazil,42994,41,42889,18849817,555281,18568362
2024-04-02,Brazil,42226,872,41795,18892043,556153,18610157
2024-04-01,Brazil,21819,968,21624,18913862,557121,18631781
2024-03-31,Brazil,40254,1971,40135,18954116,559092,18671916
2024-03-30,Brazil,34539,885,34232,18988655,559977,18706148
2024-03-29,Brazil,49727,264,49571,19038382,560241,18755719
2024-03-28,Brazil,44717,178,44666,19083099,560419,18800385
2024-03-27,Brazil,41124,796,40860,19124223,561215,18841245
2024-03-26,Brazil,4291,1502,4276,19128514,562717,18845521
2024-03-25,Brazil,42246,65,42204,19170760,562782,18887725
2024-03-24,Brazil,17175,171,17011,19187935,562953,18904736
2024-03-23,Brazil,32525,1289,32263,19220460,564242,18936999
2024-03-22,Brazil,29414,684,28927,19249874,564926,18965926
2024-03-21,Brazil,41260,1300,40954,19291134,566226,19006880
2024-03-20,Brazil,12517,181,12431,19303651,566407,19019311
2024-03-19,Brazil,45445,1439,45397,19349096,567846,19064708
2024-03-18,Brazil,36504,1222,36056,19385600,569068,19100764
2024-03-17,Brazil,4850,60,4675,19390450,569128,19105439
2024-03-16,Brazil,2268,1996,2032,19392718,571124,19107471
2024-03-15,Brazil,27933,1350,27482,19420651,572474,19134953
2024-03-14,Brazil,4457,766,4145,19425108,573240,19139098
2024-03-13,Brazil,32225,75,31824,19457333,573315,19170922
2024-03-12,Brazil,18104,78,17963,19475437,573393,19188885
2024-03-11,Brazil,43244,259,43030,19518681,573652,19231915
2024-03-10,Brazil,29694,1284,29290,19548375,574936,19261205
2025-03-09,Russia,43068,997,42884,18673782,173802,18500793
2025-03-08,Russia,24167,339,23893,18697949,174141,18524686
2025-03-07,Russia,36646,50,36399,18734595,174191,18561085
2025-03-06,Russia,11766,58,11273,18746361,174249,18572358
2025-03-05,Russia,778,575,374,18747139,174824,18572732
2025-03-04,Russia,28052,845,27961,18775191,175669,18600693
2025-03-03,Russia,22824,651,22415,18798015,176320,18623108
2025-03-02,Russia,46681,1133,46267,18844696,177453,18669375
2025-03-01,Russia,46432,811,46373,18891128,178264,18715748
2025-02-28,Russia,48059,1760,47713,18939187,180024,18763461
2025-02-27,Russia,1775,1285,1702,18940962,181309,18765163
2025-02-26,Russia,33906,384,33727,18974868,181693,18798890
2025-02-25,Russia,10005,1958,9527,18984873,183651,18808417
2025-02-24,Russia,20137,159,19956,19005010,183810,18828373
2025-02-23,Russia,32001,13,31946,19037011,183823,18860319
2025-02-22,Russia,1430,1906,1416,19038441,185729,18861735
2025-02-21,Russia,13907,1748,13776,19052348,187477,18875511
2025-02-20,Russia,8494,1255,8094,19060842,188732,18883605
2025-02-19,Russia,26577,815,26364,19087419,189547,18909969
2025-02-18,Russia,24011,1743,23842,19111430,191290,18933811
2025-02-17,Russia,30093,750,29693,19141523,192040,18963504
2025-02-16,Russia,17942,252,17867,19159465,192292,18981371
2025-02-15,Russia,10686,201,10381,19170151,192493,18991752
2025-02-14,Russia,14635,1313,14544,19184786,193806,19006296
2025-02-13,Russia,39304,929,39111,19224090,194735,19045407
2025-02-12,Russia,1195,792,854,19225285,195527,19046261
2025-02-11,Russia,11299,1569,11270,19236584,197096,19057531
2025-02-10,Russia,24294,546,24262,19260878,197642,19081793
2025-02-09,Russia,26928,1964,26833,19287806,199606,19108626
2025-02-08,Russia,28680,138,28313,19316486,199744,19136939
2025-02-07,Russia,31299,11,31240,19347785,199755,19168179
2025-02-06,Russia,35948,431,35925,19383733,200186,19204104
2025-02-05,Russia,33277,661,33112,19417010,200847,19237216
2025-02-04,Russia,28748,869,28426,19445758,201716,19265642
2025-02-03,Russia,19916,1642,19464,19465674,203358,19285106
2025-02-02,Russia,4719,837,4581,19470393,204195,19289687
2025-02-01,Russia,44060,1109,43885,19514453,205304,19333572
2025-01-31,Russia,31374,1272,31079,19545827,206576,19364651
2025-01-30,Russia,815,917,525,19546642,207493,19365176
2025-01-29,Russia,31281,61,30930,19577923,207554,19396106
2025-01-28,Russia,2679,401,2246,19580602,207955,19398352
2025-01-27,Russia,1796,1854,1529,19582398,209809,19399881
2025-01-26,Russia,45453,1624,45328,19627851,211433,19445209
2025-01-25,Russia,42532,1802,42206,19670383,213235,19487415
2025-01-24,Russia,48336,707,47885,19718719,213942,19535300
2025-01-23,Russia,4697,807,4485,19723416,214749,19539785
2025-01-22,Russia,13194,689,12907,19736610,215438,19552692
2025-01-21,Russia,15029,968,14737,19751639,216406,19567429
2025-01-20,Russia,1922,1203,1483,19753561,217609,19568912
2025-01-19,Russia,625,1397,603,19754186,219006,19569515
2025-01-18,Russia,33462,756,33108,19787648,219762,19602623
2025-01-17,Russia,44103,239,44017,19831751,220001,19646640
2025-01-16,Russia,17751,1493,17600,19849502,221494,19664240
2025-01-15,Russia,18234,234,18144,19867736,221728,19682384
2025-01-14,Russia,33469,761,33187,19901205,222489,19715571
2025-01-13,Russia,27045,998,26878,19928250,223487,19742449
2025-01-12,Russia,13277,1931,12890,19941527,225418,19755339
2025-01-11,Russia,33943,1511,33637,19975470,226929,19788976
2025-01-10,Russia,10783,1618,10330,19986253,228547,19799306
2025-01-09,Russia,32672,442,32356,20018925,228989,19831662
2025-01-08,Russia,12634,649,12555,20031559,229638,19844217
2025-01-07,Russia,7734,304,7619,20039293,229942,19851836
2025-01-06,Russia,44253,887,44060,20083546,230829,19895896
2025-01-05,Russia,43454,643,43292,20127000,231472,19939188
2025-01-04,Russia,16734,259,16254,20143734,231731,19955442
2025-01-03,Russia,4381,851,4225,20148115,232582,19959667
2025-01-02,Russia,30718,1551,30271,20178833,234133,19989938
2025-01-01,Russia,22537,1438,22121,20201370,235571,20012059
2024-12-31,Russia,15626,1709,15365,20216996,237280,20027424
2024-12-30,Russia,29567,1809,29394,20246563,239089,20056818
2024-12-29,Russia,9683,1666,9653,20256246,240755,20066471
2024-12-28,Russia,40839,23,40792,20297085,240778,20107263
2024-12-27,Russia,39477,37,39274,20336562,240815,20146537
2024-12-26,Russia,19716,202,19438,20356278,241017,20165975
2024-12-25,Russia,4787,1243,4726,20361065,242260,20170701
2024-12-24,Russia,46376,1598,46256,20407441,243858,20216957
2024-12-23,Russia,49061,1366,48562,20456502,245224,20265519
2024-12-22,Russia,42178,329,41840,20498680,245553,20307359
2024-12-21,Russia,14771,511,14317,20513451,246064,20321676
2024-12-20,Russia,20347,709,19919,20533798,246773,20341595
2024-12-19,Russia,19693,1901,19340,20553491,248674,20360935
2024-12-18,Russia,43154,1841,42814,20596645,250515,20403749
2024-12-17,Russia,39062,734,38637,20635707,251249,20442386
2024-12-16,Russia,25930,488,25570,20661637,251737,20467956
2024-12-15,Russia,41502,1546,41396,20703139,253283,20509352
2024-12-14,Russia,30461,1773,30069,20733600,255056,20539421
2024-12-13,Russia,23990,703,23695,20757590,255759,20563116
2024-12-12,Russia,17210,808,17123,20774800,256567,20580239
2024-12-11,Russia,1388,1820,1331,20776188,258387,20581570
2024-12-10,Russia,49991,308,49793,20826179,258695,20631363
2024-12-09,Russia,32682,838,32328,20858861,259533,20663691
2024-12-08,Russia,28302,1460,27913,20887163,260993,20691604
2024-12-07,Russia,44461,304,44037,20931624,261297,20735641
2024-12-06,Russia,21882,1142,21655,20953506,262439,20757296
2024-12-05,Russia,25855,1071,25733,20979361,263510,20783029
2024-12-04,Russia,43618,171,43303,21022979,263681,20826332
2024-12-03,Russia,32096,1340,31866,21055075,265021,20858198
2024-12-02,Russia,15929,537,15610,21071004,265558,20873808
2024-12-01,Russia,6294,1793,5944,21077298,267351,20879752
2024-11-30,Russia,24183,446,24042,21101481,267797,20903794
2024-11-29,Russia,17647,1669,17224,21119128,269466,20921018
2024-11-28,Russia,10875,1249,10758,21130003,270715,20931776
2024-11-27,Russia,44336,1530,43980,21174339,272245,20975756
2024-11-26,Russia,6590,53,6460,21180929,272298,20982216
2024-11-25,Russia,34376,769,34170,21215305,273067,21016386
2024-11-24,Russia,49306,1802,49174,21264611,274869,21065560
2024-11-23,Russia,46075,379,45646,21310686,275248,21111206
2024-11-22,Russia,10469,416,10401,21321155,275664,21121607
2024-11-21,Russia,13215,1978,12958,21334370,277642,21134565
2024-11-20,Russia,31266,923,31214,21365636,278565,21165779
2024-11-19,Russia,42069,1056,41731,21407705,279621,21207510
2024-11-18,Russia,32370,1494,32138,21440075,281115,21239648
2024-11-17,Russia,37233,1280,37153,21477308,282395,21276801
2024-11-16,Russia,33560,1043,33463,21510868,283438,21310264
2024-11-15,Russia,45228,975,45071,21556096,284413,21355335
2024-11-14,Russia,25941,1239,25486,21582037,285652,21380821
2024-11-13,Russia,12071,1513,11578,21594108,287165,21392399
2024-11-12,Russia,46575,1768,46413,21640683,288933,21438812
2024-11-11,Russia,8068,269,7740,21648751,289202,21446552
2024-11-10,Russia,41397,639,41132,21690148,289841,21487684
2024-11-09,Russia,43326,1196,43245,21733474,291037,21530929
2024-11-08,Russia,34943,1778,34910,21768417,292815,21565839
2024-11-07,Russia,30747,619,30385,21799164,293434,21596224
2024-11-06,Russia,11641,962,11168,21810805,294396,21607392
2024-11-05,Russia,3695,1920,3305,21814500,296316,21610697
2024-11-04,Russia,10224,1043,9727,21824724,297359,21620424
2024-11-03,Russia,37101,1015,36684,21861825,298374,21657108
2024-11-02,Russia,38312,755,38050,21900137,299129,21695158
2024-11-01,Russia,12698,282,12632,21912835,299411,21707790
2024-10-31,Russia,39023,1182,39001,21951858,300593,21746791
2024-10-30,Russia,43353,1734,42958,21995211,302327,21789749
2024-10-29,Russia,34297,795,34184,22029508,303122,21823933
2024-10-28,Russia,12674,836,12307,22042182,303958,21836240
2024-10-27,Russia,3549,758,3082,22045731,304716,21839322
2024-10-26,Russia,39227,529,38803,22084958,305245,21878125
2024-10-25,Russia,38935,731,38772,22123893,305976,21916897
2024-10-24,Russia,32109,1847,31732,22156002,307823,21948629
2024-10-23,Russia,49474,191,49176,22205476,308014,21997805
2024-10-22,Russia,21750,698,21487,22227226,308712,22019292
2024-10-21,Russia,48885,1215,48745,22276111,309927,22068037
2024-10-20,Russia,15130,375,14818,22291241,310302,22082855
2024-10-19,Russia,1946,1548,1468,22293187,311850,22084323
2024-10-18,Russia,696,430,614,22293883,312280,22084937
2024-10-17,Russia,26838,669,26638,22320721,312949,22111575
2024-10-16,Russia,38195,840,38113,22358916,313789,22149688
2024-10-15,Russia,39252,153,39245,22398168,313942,22188933
2024-10-14,Russia,39089,731,38839,22437257,314673,22227772
2024-10-13,Russia,20841,1509,20636,22458098,316182,22248408
2024-10-12,Russia,3584,147,3536,22461682,316329,22251944
2024-10-11,Russia,16059,991,15785,22477741,317320,22267729
2024-10-10,Russia,25821,1678,25618,22503562,318998,22293347
2024-10-09,Russia,45410,556,44954,22548972,319554,22338301
2024-10-08,Russia,17880,582,17520,22566852,320136,22355821
2024-10-07,Russia,5662,1473,5521,22572514,321609,22361342
2024-10-06,Russia,27330,200,26885,22599844,321809,22388227
2024-10-05,Russia,31561,1665,31116,22631405,323474,22419343
2024-10-04,Russia,44254,1661,43810,22675659,325135,22463153
2024-10-03,Russia,1381,518,1358,22677040,325653,22464511
2024-10-02,Russia,33159,965,33070,22710199,326618,22497581
2024-10-01,Russia,21763,1524,21485,22731962,328142,22519066
2024-09-30,Russia,49751,1884,49618,22781713,330026,22568684
2024-09-29,Russia,15486,1590,15408,22797199,331616,22584092
2024-09-28,Russia,2066,664,1583,22799265,332280,22585675
2024-09-27,Russia,25245,1546,24840,22824510,333826,22610515
2024-09-26,Russia,37460,1404,37363,22861970,335230,22647878
2024-09-25,Russia,12201,1383,12100,22874171,336613,22659978
2024-09-24,Russia,6815,1037,6708,22880986,337650,22666686
2024-09-23,Russia,15140,1493,14987,22896126,339143,22681673
2024-09-22,Russia,28529,1325,28408,22924655,340468,22710081
2024-09-21,Russia,13380,1623,13344,22938035,342091,22723425
2024-09-20,Russia,19913,1049,19771,22957948,343140,22743196
2024-09-19,Russia,41491,1827,41385,22999439,344967,22784581
2024-09-18,Russia,23489,1038,23291,23022928,346005,22807872
2024-09-17,Russia,22953,978,22888,23045881,346983,22830760
2024-09-16,Russia,47788,53,47703,23093669,347036,22878463
2024-09-15,Russia,41217,667,41013,23134886,347703,22919476
2024-09-14,Russia,38035,549,37969,23172921,348252,22957445
2024-09-13,Russia,9322,973,9181,23182243,349225,22966626
2024-09-12,Russia,33174,1534,33088,23215417,350759,22999714
2024-09-11,Russia,22113,1604,21839,23237530,352363,23021553
2024-09-10,Russia,17575,1738,17171,23255105,354101,23038724
2024-09-09,Russia,15394,1649,15385,23270499,355750,23054109
2024-09-08,Russia,16900,261,16485,23287399,356011,23070594
2024-09-07,Russia,1741,1846,1331,23289140,357857,23071925
2024-09-06,Russia,32518,986,32111,23321658,358843,23104036
2024-09-05,Russia,30078,394,29742,23351736,359237,23133778
2024-09-04,Russia,47235,1698,47180,23398971,360935,23180958
2024-09-03,Russia,20813,1080,20392,23419784,362015,23201350
2024-09-02,Russia,6753,826,6733,23426537,362841,23208083
2024-09-01,Russia,49257,1845,48887,23475794,364686,23256970
2024-08-31,Russia,30793,1402,30552,23506587,366088,23287522
2024-08-30,Russia,46757,1572,46310,23553344,367660,23333832
2024-08-29,Russia,36393,1884,36019,23589737,369544,23369851
2024-08-28,Russia,6883,771,6388,23596620,370315,23376239
2024-08-27,Russia,6073,211,5767,23602693,370526,23382006
2024-08-26,Russia,13281,964,13160,23615974,371490,23395166
2024-08-25,Russia,47539,327,47089,23663513,371817,23442255
2024-08-24,Russia,17894,1102,17511,23681407,372919,23459766
2024-08-23,Russia,42088,228,41901,23723495,373147,23501667
2024-08-22,Russia,11229,898,10908,23734724,374045,23512575
2024-08-21,Russia,27530,614,27467,23762254,374659,23540042
2024-08-20,Russia,26345,321,26131,23788599,374980,23566173
2024-08-19,Russia,11872,1163,11563,23800471,376143,23577736
2024-08-18,Russia,49162,1331,48682,23849633,377474,23626418
2024-08-17,Russia,48530,1858,48137,23898163,379332,23674555
2024-08-16,Russia,23713,60,23317,23921876,379392,23697872
2024-08-15,Russia,35738,1598,35624,23957614,380990,23733496
2024-08-14,Russia,27395,110,27290,23985009,381100,23760786
2024-08-13,Russia,21580,1013,21366,24006589,382113,23782152
2024-08-12,Russia,8993,779,8925,24015582,382892,23791077
2024-08-11,Russia,42879,407,42611,24058461,383299,23833688
2024-08-10,Russia,31342,1979,31151,24089803,385278,23864839
2024-08-09,Russia,26656,936,26161,24116459,386214,23891000
2024-08-08,Russia,15165,162,15008,24131624,386376,23906008
2024-08-07,Russia,38403,1183,38066,24170027,387559,23944074
2024-08-06,Russia,42671,1237,42557,24212698,388796,23986631
2024-08-05,Russia,1520,1887,1055,24214218,390683,23987686
2024-08-04,Russia,49917,935,49477,24264135,391618,24037163
2024-08-03,Russia,26071,1426,25869,24290206,393044,24063032
2024-08-02,Russia,3133,1337,2928,24293339,394381,24065960
2024-08-01,Russia,25947,907,25503,24319286,395288,24091463
2024-07-31,Russia,17162,1366,16742,24336448,396654,24108205
2024-07-30,Russia,42333,416,41877,24378781,397070,24150082
2024-07-29,Russia,20828,720,20552,24399609,397790,24170634
2024-07-28,Russia,23127,944,22762,24422736,398734,24193396
2024-07-27,Russia,25953,935,25605,24448689,399669,24219001
2024-07-26,Russia,44508,1615,44391,24493197,401284,24263392
2024-07-25,Russia,41039,1475,40961,24534236,402759,24304353
2024-07-24,Russia,37286,1840,36863,24571522,404599,24341216
2024-07-23,Russia,12593,121,12563,24584115,404720,24353779
2024-07-22,Russia,49421,264,49274,24633536,404984,24403053
2024-07-21,Russia,27257,1828,26923,24660793,406812,24429976
2024-07-20,Russia,1966,474,1516,24662759,407286,24431492
2024-07-19,Russia,16746,1513,16722,24679505,408799,24448214
2024-07-18,Russia,12164,1361,11984,24691669,410160,24460198
2024-07-17,Russia,46088,96,45602,24737757,410256,24505800
2024-07-16,Russia,34621,20,34501,24772378,410276,24540301
2024-07-15,Russia,37803,311,37489,24810181,410587,24577790
2024-07-14,Russia,25819,69,25629,24836000,410656,24603419
2024-07-13,Russia,13308,1842,13154,24849308,412498,24616573
2024-07-12,Russia,16585,827,16109,24865893,413325,24632682
2024-07-11,Russia,10775,782,10729,24876668,414107,24643411
2024-07-10,Russia,31069,1952,30965,24907737,416059,24674376
2024-07-09,Russia,23323,443,23082,24931060,416502,24697458
2024-07-08,Russia,31533,1781,31269,24962593,418283,24728727
2024-07-07,Russia,2694,1267,2624,24965287,419550,24731351
2024-07-06,Russia,21933,1896,21524,24987220,421446,24752875
2024-07-05,Russia,536,1237,409,24987756,422683,24753284
2024-07-04,Russia,8877,1098,8804,24996633,423781,24762088
2024-07-03,Russia,12288,551,11803,25008921,424332,24773891
2024-07-02,Russia,37082,1516,36747,25046003,425848,24810638
2024-07-01,Russia,12210,1048,12164,25058213,426896,24822802
2024-06-30,Russia,32008,1398,31946,25090221,428294,24854748
2024-06-29,Russia,40312,951,40146,25130533,429245,24894894
2024-06-28,Russia,31091,748,30923,25161624,429993,24925817
2024-06-27,Russia,20662,384,20496,25182286,430377,24946313
2024-06-26,Russia,3997,472,3987,25186283,430849,24950300
2024-06-25,Russia,37292,729,36842,25223575,431578,24987142
2024-06-24,Russia,20159,355,19800,25243734,431933,25006942
2024-06-23,Russia,32043,1002,31680,25275777,432935,25038622
2024-06-22,Russia,37737,1621,37625,25313514,434556,25076247
2024-06-21,Russia,48307,102,48030,25361821,434658,25124277
2024-06-20,Russia,21334,1707,21294,25383155,436365,25145571
2024-06-19,Russia,29079,1959,28820,25412234,438324,25174391
2024-06-18,Russia,45424,1711,45171,25457658,440035,25219562
2024-06-17,Russia,34999,732,34573,25492657,440767,25254135
2024-06-16,Russia,23411,1736,23374,25516068,442503,25277509
2024-06-15,Russia,35697,568,35526,25551765,443071,25313035
2024-06-14,Russia,46914,1655,46893,25598679,444726,25359928
2024-06-13,Russia,11555,730,11313,25610234,445456,25371241
2024-06-12,Russia,30087,758,29603,25640321,446214,25400844
2024-06-11,Russia,29731,774,29508,25670052,446988,25430352
2024-06-10,Russia,4177,876,3866,25674229,447864,25434218
2024-06-09,Russia,29047,1512,28723,25703276,449376,25462941
2024-06-08,Russia,48947,1161,48740,25752223,450537,25511681
2024-06-07,Russia,8717,226,8658,25760940,450763,25520339
2024-06-06,Russia,44172,1324,43948,25805112,452087,25564287
2024-06-05,Russia,40950,1746,40604,25846062,453833,25604891
2024-06-04,Russia,22431,973,22194,25868493,454806,25627085
2024-06-03,Russia,8283,1190,7801,25876776,455996,25634886
2024-06-02,Russia,4286,1040,4087,25881062,457036,25638973
2024-06-01,Russia,10458,797,10129,25891520,457833,25649102
2024-05-31,Russia,10277,1690,9931,25901797,459523,25659033
2024-05-30,Russia,15024,1104,14741,25916821,460627,25673774
2024-05-29,Russia,43187,590,43046,25960008,461217,25716820
2024-05-28,Russia,23466,1834,23056,25983474,463051,25739876
2024-05-27,Russia,38845,1755,38629,26022319,464806,25778505
2024-05-26,Russia,18023,818,17973,26040342,465624,25796478
2024-05-25,Russia,32851,1301,32537,26073193,466925,25829015
2024-05-24,Russia,31247,1190,31105,26104440,468115,25860120
2024-05-23,Russia,24733,1549,24373,26129173,469664,25884493
2024-05-22,Russia,46867,825,46577,26176040,470489,25931070
2024-05-21,Russia,9386,717,8917,26185426,471206,25939987
2024-05-20,Russia,9251,191,9103,26194677,471397,25949090
2024-05-19,Russia,13133,1675,12650,26207810,473072,25961740
2024-05-18,Russia,32367,1671,32104,26240177,474743,25993844
2024-05-17,Russia,21639,1842,21522,26261816,476585,26015366
2024-05-16,Russia,4833,1842,4523,26266649,478427,26019889
2024-05-15,Russia,8951,1038,8558,26275600,479465,26028447
2024-05-14,Russia,25615,461,25601,26301215,479926,26054048
2024-05-13,Russia,44932,1457,44482,26346147,481383,26098530
2024-05-12,Russia,15244,1228,15094,26361391,482611,26113624
2024-05-11,Russia,22081,1777,21808,26383472,484388,26135432
2024-05-10,Russia,36373,745,36158,26419845,485133,26171590
2024-05-09,Russia,38292,1467,37908,26458137,486600,26209498
2024-05-08,Russia,48173,440,47689,26506310,487040,26257187
2024-05-07,Russia,35455,1466,35085,26541765,488506,26292272
2024-05-06,Russia,13345,1918,13197,26555110,490424,26305469
2024-05-05,Russia,24247,1737,24049,26579357,492161,26329518
2024-05-04,Russia,40672,1742,40176,26620029,493903,26369694
2024-05-03,Russia,48538,208,48297,26668567,494111,26417991
2024-05-02,Russia,34795,75,34695,26703362,494186,26452686
2024-05-01,Russia,33487,1643,33468,26736849,495829,26486154
2024-04-30,Russia,18475,582,18236,26755324,496411,26504390
2024-04-29,Russia,49646,165,49225,26804970,496576,26553615
2024-04-28,Russia,35098,973,34873,26840068,497549,26588488
2024-04-27,Russia,39604,616,39384,26879672,498165,26627872
2024-04-26,Russia,23983,1407,23944,26903655,499572,26651816
2024-04-25,Russia,44264,1070,43817,26947919,500642,26695633
2024-04-24,Russia,29185,54,29119,26977104,500696,26724752
2024-04-23,Russia,17791,1449,17320,26994895,502145,26742072
2024-04-22,Russia,32565,1441,32363,27027460,503586,26774435
2024-04-21,Russia,29291,316,29084,27056751,503902,26803519
2024-04-20,Russia,12062,511,11564,27068813,504413,26815083
2024-04-19,Russia,11504,539,11019,27080317,504952,26826102
2024-04-18,Russia,22908,355,22888,27103225,505307,26848990
2024-04-17,Russia,36736,1183,36521,27139961,506490,26885511
2024-04-16,Russia,14861,51,14711,27154822,506541,26900222
2024-04-15,Russia,34587,1445,34197,27189409,507986,26934419
2024-04-14,Russia,31292,321,31182,27220701,508307,26965601
2024-04-13,Russia,44440,1515,44025,27265141,509822,27009626
2024-04-12,Russia,32903,1679,32836,27298044,511501,27042462
2024-04-11,Russia,22526,1821,22044,27320570,513322,27064506
2024-04-10,Russia,3922,34,3814,27324492,513356,27068320
2024-04-09,Russia,14035,364,13721,27338527,513720,27082041
2024-04-08,Russia,18368,355,18232,27356895,514075,27100273
2024-04-07,Russia,4636,1796,4247,27361531,515871,27104520
2024-04-06,Russia,39437,1185,39232,27400968,517056,27143752
2024-04-05,Russia,44517,44,44387,27445485,517100,27188139
2024-04-04,Russia,37512,764,37150,27482997,517864,27225289
2024-04-03,Russia,28633,842,28353,27511630,518706,27253642
2024-04-02,Russia,24515,1026,24105,27536145,519732,27277747
2024-04-01,Russia,34823,1003,34335,27570968,520735,27312082
2024-03-31,Russia,22340,832,22219,27593308,521567,27334301
2024-03-30,Russia,1118,1852,621,27594426,523419,27334922
2024-03-29,Russia,47883,1835,47436,27642309,525254,27382358
2024-03-28,Russia,23566,719,23187,27665875,525973,27405545
2024-03-27,Russia,30328,1285,29920,27696203,527258,27435465
2024-03-26,Russia,41457,957,41429,27737660,528215,27476894
2024-03-25,Russia,20456,1352,20164,27758116,529567,27497058
2024-03-24,Russia,47370,882,47106,27805486,530449,27544164
2024-03-23,Russia,43843,840,43606,27849329,531289,27587770
2024-03-22,Russia,11070,1344,10725,27860399,532633,27598495
2024-03-21,Russia,11334,1884,10856,27871733,534517,27609351
2024-03-20,Russia,1243,1965,898,27872976,536482,27610249
2024-03-19,Russia,3111,1570,2873,27876087,538052,27613122
2024-03-18,Russia,35227,740,35140,27911314,538792,27648262
2024-03-17,Russia,46871,69,46732,27958185,538861,27694994
2024-03-16,Russia,7916,670,7828,27966101,539531,27702822
2024-03-15,Russia,17478,766,17038,27983579,540297,27719860
2024-03-14,Russia,9685,173,9355,27993264,540470,27729215
2024-03-13,Russia,49142,122,48861,28042406,540592,27778076
2024-03-12,Russia,1130,1720,701,28043536,542312,27778777
2024-03-11,Russia,5015,857,4818,28048551,543169,27783595
2024-03-10,Russia,20459,1335,20286,28069010,544504,27803881
2025-03-09,UK,7958,1177,7813,11861775,95882,11766925
2025-03-08,UK,20465,1266,20253,11882240,97148,11787178
2025-03-07,UK,18067,388,17946,11900307,97536,11805124
2025-03-06,UK,43582,1766,43159,11943889,99302,11848283
2025-03-05,UK,13724,1567,13334,11957613,100869,11861617
2025-03-04,UK,37018,549,36589,11994631,101418,11898206
2025-03-03,UK,22997,71,22703,12017628,101489,11920909
2025-03-02,UK,21411,477,21347,12039039,101966,11942256
2025-03-01,UK,33960,1114,33745,12072999,103080,11976001
2025-02-28,UK,13058,1482,12755,12086057,104562,11988756
2025-02-27,UK,39926,247,39555,12125983,104809,12028311
2025-02-26,UK,15666,1469,15279,12141649,106278,12043590
2025-02-25,UK,14896,1944,14866,12156545,108222,12058456
2025-02-24,UK,4273,1739,3916,12160818,109961,12062372
2025-02-23,UK,6618,206,6529,12167436,110167,12068901
2025-02-22,UK,45807,1955,45362,12213243,112122,12114263
2025-02-21,UK,23703,387,23452,12236946,112509,12137715
2025-02-20,UK,35114,1474,34911,12272060,113983,12172626
2025-02-19,UK,4665,1114,4417,12276725,115097,12177043
2025-02-18,UK,14792,1564,14395,12291517,116661,12191438
2025-02-17,UK,46431,309,46192,12337948,116970,12237630
2025-02-16,UK,4203,1042,3829,12342151,118012,12241459
2025-02-15,UK,27370,607,27001,12369521,118619,12268460
2025-02-14,UK,47918,435,47764,12417439,119054,12316224
2025-02-13,UK,4567,332,4079,12422006,119386,12320303
2025-02-12,UK,1374,973,990,12423380,120359,12321293
2025-02-11,UK,29368,1728,29138,12452748,122087,12350431
2025-02-10,UK,46128,837,45856,12498876,122924,12396287
2025-02-09,UK,14235,1667,13810,12513111,124591,12410097
2025-02-08,UK,20589,1170,20217,12533700,125761,12430314
2025-02-07,UK,29604,1233,29406,12563304,126994,12459720
2025-02-06,UK,38816,11,38706,12602120,127005,12498426
2025-02-05,UK,9624,214,9211,12611744,127219,12507637
2025-02-04,UK,36237,707,35904,12647981,127926,12543541
2025-02-03,UK,25136,1182,24891,12673117,129108,12568432
2025-02-02,UK,30053,473,29831,12703170,129581,12598263
2025-02-01,UK,1714,124,1353,12704884,129705,12599616
2025-01-31,UK,30119,482,29918,12735003,130187,12629534
2025-01-30,UK,24750,1045,24257,12759753,131232,12653791
2025-01-29,UK,42198,347,42179,12801951,131579,12695970
2025-01-28,UK,38175,1270,37969,12840126,132849,12733939
2025-01-27,UK,10736,1544,10726,12850862,134393,12744665
2025-01-26,UK,30520,1509,30178,12881382,135902,12774843
2025-01-25,UK,35664,80,35489,12917046,135982,12810332
2025-01-24,UK,46067,467,45766,12963113,136449,12856098
2025-01-23,UK,21090,322,20646,12984203,136771,12876744
2025-01-22,UK,15616,704,15446,12999819,137475,12892190
2025-01-21,UK,44944,811,44724,13044763,138286,12936914
2025-01-20,UK,6921,538,6537,13051684,138824,12943451
2025-01-19,UK,29965,1896,29643,13081649,140720,12973094
2025-01-18,UK,4738,920,4721,13086387,141640,12977815
2025-01-17,UK,47205,813,46771,13133592,142453,13024586
2025-01-16,UK,12649,208,12271,13146241,142661,13036857
2025-01-15,UK,49599,1905,49100,13195840,144566,13085957
2025-01-14,UK,21363,1277,20981,13217203,145843,13106938
2025-01-13,UK,2408,1345,1913,13219611,147188,13108851
2025-01-12,UK,14187,1027,13893,13233798,148215,13122744
2025-01-11,UK,40997,446,40776,13274795,148661,13163520
2025-01-10,UK,17009,1858,16793,13291804,150519,13180313
2025-01-09,UK,31242,311,30880,13323046,150830,13211193
2025-01-08,UK,8824,1432,8489,13331870,152262,13219682
2025-01-07,UK,33376,1970,33230,13365246,154232,13252912
2025-01-06,UK,4690,1252,4551,13369936,155484,13257463
2025-01-05,UK,33274,694,32956,13403210,156178,13290419
2025-01-04,UK,40834,682,40810,13444044,156860,13331229
2025-01-03,UK,37148,1387,36749,13481192,158247,13367978
2025-01-02,UK,30881,706,30571,13512073,158953,13398549
2025-01-01,UK,25773,1751,25282,13537846,160704,13423831
2024-12-31,UK,21435,482,21264,13559281,161186,13445095
2024-12-30,UK,40946,98,40569,13600227,161284,13485664
2024-12-29,UK,33947,667,33602,13634174,161951,13519266
2024-12-28,UK,15437,1956,15361,13649611,163907,13534627
2024-12-27,UK,37602,102,37403,13687213,164009,13572030
2024-12-26,UK,39815,1667,39722,13727028,165676,13611752
2024-12-25,UK,41645,1831,41640,13768673,167507,13653392
2024-12-24,UK,20834,166,20658,13789507,167673,13674050
2024-12-23,UK,26064,1683,25957,13815571,169356,13700007
2024-12-22,UK,12514,954,12022,13828085,170310,13712029
2024-12-21,UK,26171,477,25904,13854256,170787,13737933
2024-12-20,UK,28124,1721,27889,13882380,172508,13765822
2024-12-19,UK,49781,516,49490,13932161,173024,13815312
2024-12-18,UK,30974,410,30777,13963135,173434,13846089
2024-12-17,UK,21726,1973,21248,13984861,175407,13867337
2024-12-16,UK,16476,797,16001,14001337,176204,13883338
2024-12-15,UK,29040,582,28835,14030377,176786,13912173
2024-12-14,UK,21831,712,21400,14052208,177498,13933573
2024-12-13,UK,49426,240,49068,14101634,177738,13982641
2024-12-12,UK,46740,130,46423,14148374,177868,14029064
2024-12-11,UK,10024,535,9980,14158398,178403,14039044
2024-12-10,UK,25397,1989,25318,14183795,180392,14064362
2024-12-09,UK,27060,16,26607,14210855,180408,14090969
2024-12-08,UK,22129,242,21644,14232984,180650,14112613
2024-12-07,UK,40663,84,40183,14273647,180734,14152796
2024-12-06,UK,9472,790,9265,14283119,181524,14162061
2024-12-05,UK,29489,885,29225,14312608,182409,14191286
2024-12-04,UK,26176,1630,26065,14338784,184039,14217351
2024-12-03,UK,11508,151,11341,14350292,184190,14228692
2024-12-02,UK,33724,1596,33511,14384016,185786,14262203
2024-12-01,UK,47148,693,46968,14431164,186479,14309171
2024-11-30,UK,39942,1338,39523,14471106,187817,14348694
2024-11-29,UK,48187,333,47816,14519293,188150,14396510
2024-11-28,UK,22493,1136,22347,14541786,189286,14418857
2024-11-27,UK,15830,1984,15384,14557616,191270,14434241
2024-11-26,UK,39064,814,38884,14596680,192084,14473125
2024-11-25,UK,14024,1142,13986,14610704,193226,14487111
2024-11-24,UK,25093,1423,24810,14635797,194649,14511921
2024-11-23,UK,5353,1857,5111,14641150,196506,14517032
2024-11-22,UK,11690,787,11656,14652840,197293,14528688
2024-11-21,UK,42497,1788,42063,14695337,199081,14570751
2024-11-20,UK,30776,467,30711,14726113,199548,14601462
2024-11-19,UK,40277,1239,39937,14766390,200787,14641399
2024-11-18,UK,40491,136,40252,14806881,200923,14681651
2024-11-17,UK,11524,235,11173,14818405,201158,14692824
2024-11-16,UK,40224,1819,40014,14858629,202977,14732838
2024-11-15,UK,24212,1666,23805,14882841,204643,14756643
2024-11-14,UK,644,1999,330,14883485,206642,14756973
2024-11-13,UK,5263,828,5029,14888748,207470,14762002
2024-11-12,UK,1557,1344,1110,14890305,208814,14763112
2024-11-11,UK,36730,885,36560,14927035,209699,14799672
2024-11-10,UK,35855,377,35708,14962890,210076,14835380
2024-11-09,UK,35820,401,35731,14998710,210477,14871111
2024-11-08,UK,48773,801,48380,15047483,211278,14919491
2024-11-07,UK,8023,1666,7845,15055506,212944,14927336
2024-11-06,UK,1507,420,1172,15057013,213364,14928508
2024-11-05,UK,13542,319,13437,15070555,213683,14941945
2024-11-04,UK,6802,360,6537,15077357,214043,14948482
2024-11-03,UK,23926,956,23579,15101283,214999,14972061
2024-11-02,UK,25322,1343,24961,15126605,216342,14997022
2024-11-01,UK,620,50,496,15127225,216392,14997518
2024-10-31,UK,9708,201,9632,15136933,216593,15007150
2024-10-30,UK,13839,1342,13414,15150772,217935,15020564
2024-10-29,UK,42226,1445,42081,15192998,219380,15062645
2024-10-28,UK,38142,1442,37927,15231140,220822,15100572
2024-10-27,UK,21093,1651,20834,15252233,222473,15121406
2024-10-26,UK,30404,408,30155,15282637,222881,15151561
2024-10-25,UK,22343,895,22129,15304980,223776,15173690
2024-10-24,UK,30020,1020,29738,15335000,224796,15203428
2024-10-23,UK,49752,1969,49378,15384752,226765,15252806
2024-10-22,UK,34973,1035,34943,15419725,227800,15287749
2024-10-21,UK,20480,1699,20058,15440205,229499,15307807
2024-10-20,UK,40925,757,40465,15481130,230256,15348272
2024-10-19,UK,40656,427,40342,15521786,230683,15388614
2024-10-18,UK,39301,1962,39066,15561087,232645,15427680
2024-10-17,UK,39138,914,38961,15600225,233559,15466641
2024-10-16,UK,2868,1961,2751,15603093,235520,15469392
2024-10-15,UK,5524,1280,5514,15608617,236800,15474906
2024-10-14,UK,42532,887,42505,15651149,237687,15517411
2024-10-13,UK,7465,807,7167,15658614,238494,15524578
2024-10-12,UK,42224,1429,42194,15700838,239923,15566772
2024-10-11,UK,33541,424,33118,15734379,240347,15599890
2024-10-10,UK,23750,639,23486,15758129,240986,15623376
2024-10-09,UK,46120,1875,45853,15804249,242861,15669229
2024-10-08,UK,5850,1730,5765,15810099,244591,15674994
2024-10-07,UK,37057,1068,36849,15847156,245659,15711843
2024-10-06,UK,36614,1252,36410,15883770,246911,15748253
2024-10-05,UK,41455,1860,41049,15925225,248771,15789302
2024-10-04,UK,33224,1887,32751,15958449,250658,15822053
2024-10-03,UK,9571,441,9165,15968020,251099,15831218
2024-10-02,UK,35799,661,35665,16003819,251760,15866883
2024-10-01,UK,49886,1319,49775,16053705,253079,15916658
2024-09-30,UK,16118,1508,15998,16069823,254587,15932656
2024-09-29,UK,28517,592,28310,16098340,255179,15960966
2024-09-28,UK,27790,1445,27606,16126130,256624,15988572
2024-09-27,UK,26384,944,26105,16152514,257568,16014677
2024-09-26,UK,10328,1350,10294,16162842,258918,16024971
2024-09-25,UK,34409,45,34292,16197251,258963,16059263
2024-09-24,UK,3606,201,3372,16200857,259164,16062635
2024-09-23,UK,45240,899,45019,16246097,260063,16107654
2024-09-22,UK,3510,575,3232,16249607,260638,16110886
2024-09-21,UK,35924,1346,35742,16285531,261984,16146628
2024-09-20,UK,28764,196,28721,16314295,262180,16175349
2024-09-19,UK,14744,1814,14357,16329039,263994,16189706
2024-09-18,UK,43955,340,43621,16372994,264334,16233327
2024-09-17,UK,5075,699,4893,16378069,265033,16238220
2024-09-16,UK,30752,1474,30263,16408821,266507,16268483
2024-09-15,UK,37762,106,37397,16446583,266613,16305880
2024-09-14,UK,21947,798,21831,16468530,267411,16327711
2024-09-13,UK,46835,115,46745,16515365,267526,16374456
2024-09-12,UK,32650,1947,32626,16548015,269473,16407082
2024-09-11,UK,27368,1447,26975,16575383,270920,16434057
2024-09-10,UK,23939,1602,23540,16599322,272522,16457597
2024-09-09,UK,5312,1836,5285,16604634,274358,16462882
2024-09-08,UK,42535,1159,42155,16647169,275517,16505037
2024-09-07,UK,35639,1172,35247,16682808,276689,16540284
2024-09-06,UK,2000,826,1720,16684808,277515,16542004
2024-09-05,UK,45025,63,44703,16729833,277578,16586707
2024-09-04,UK,41960,1649,41782,16771793,279227,16628489
2024-09-03,UK,18414,473,18212,16790207,279700,16646701
2024-09-02,UK,13444,1874,13186,16803651,281574,16659887
2024-09-01,UK,37893,601,37446,16841544,282175,16697333
2024-08-31,UK,25116,1681,24798,16866660,283856,16722131
2024-08-30,UK,16127,1233,15791,16882787,285089,16737922
2024-08-29,UK,6615,116,6264,16889402,285205,16744186
2024-08-28,UK,14838,463,14697,16904240,285668,16758883
2024-08-27,UK,6138,1402,6085,16910378,287070,16764968
2024-08-26,UK,7061,1107,6740,16917439,288177,16771708
2024-08-25,UK,2042,1840,1674,16919481,290017,16773382
2024-08-24,UK,10965,765,10736,16930446,290782,16784118
2024-08-23,UK,39683,1254,39253,16970129,292036,16823371
2024-08-22,UK,21342,369,20899,16991471,292405,16844270
2024-08-21,UK,7615,918,7232,16999086,293323,16851502
2024-08-20,UK,11174,1714,10894,17010260,295037,16862396
2024-08-19,UK,21840,258,21377,17032100,295295,16883773
2024-08-18,UK,39514,175,39279,17071614,295470,16923052
2024-08-17,UK,25885,1152,25867,17097499,296622,16948919
2024-08-16,UK,31498,178,31385,17128997,296800,16980304
2024-08-15,UK,21025,257,20554,17150022,297057,17000858
2024-08-14,UK,30981,553,30617,17181003,297610,17031475
2024-08-13,UK,23269,1172,22869,17204272,298782,17054344
2024-08-12,UK,45558,766,45216,17249830,299548,17099560
2024-08-11,UK,30836,686,30620,17280666,300234,17130180
2024-08-10,UK,36156,976,35657,17316822,301210,17165837
2024-08-09,UK,13344,1340,13091,17330166,302550,17178928
2024-08-08,UK,40302,1864,39995,17370468,304414,17218923
2024-08-07,UK,34127,383,33972,17404595,304797,17252895
2024-08-06,UK,15217,1700,14826,17419812,306497,17267721
2024-08-05,UK,45755,1837,45353,17465567,308334,17313074
2024-08-04,UK,41758,683,41520,17507325,309017,17354594
2024-08-03,UK,42682,1685,42384,17550007,310702,17396978
2024-08-02,UK,44591,1471,44372,17594598,312173,17441350
2024-08-01,UK,2898,1210,2614,17597496,313383,17443964
2024-07-31,UK,37727,228,37267,17635223,313611,17481231
2024-07-30,UK,848,1728,349,17636071,315339,17481580
2024-07-29,UK,46309,161,45859,17682380,315500,17527439
2024-07-28,UK,35553,1801,35113,17717933,317301,17562552
2024-07-27,UK,7257,598,7022,17725190,317899,17569574
2024-07-26,UK,49973,906,49677,17775163,318805,17619251
2024-07-25,UK,34931,1693,34626,17810094,320498,17653877
2024-07-24,UK,38454,185,38350,17848548,320683,17692227
2024-07-23,UK,39209,940,39133,17887757,321623,17731360
2024-07-22,UK,34749,1347,34644,17922506,322970,17766004
2024-07-21,UK,567,514,70,17923073,323484,17766074
2024-07-20,UK,9476,1657,9139,17932549,325141,17775213
2024-07-19,UK,49573,419,49450,17982122,325560,17824663
2024-07-18,UK,733,213,255,17982855,325773,17824918
2024-07-17,UK,32133,594,31674,18014988,326367,17856592
2024-07-16,UK,620,1510,280,18015608,327877,17856872
2024-07-15,UK,14303,633,14237,18029911,328510,17871109
2024-07-14,UK,34410,1922,34253,18064321,330432,17905362
2024-07-13,UK,15073,1750,15029,18079394,332182,17920391
2024-07-12,UK,13405,1622,13033,18092799,333804,17933424
2024-07-11,UK,47301,1745,46991,18140100,335549,17980415
2024-07-10,UK,19952,843,19833,18160052,336392,18000248
2024-07-09,UK,4300,1528,4188,18164352,337920,18004436
2024-07-08,UK,12660,1942,12505,18177012,339862,18016941
2024-07-07,UK,44060,1476,43804,18221072,341338,18060745
2024-07-06,UK,22931,1213,22721,18244003,342551,18083466
2024-07-05,UK,26306,587,26137,18270309,343138,18109603
2024-07-04,UK,38533,1168,38284,18308842,344306,18147887
2024-07-03,UK,14147,1702,13658,18322989,346008,18161545
2024-07-02,UK,12784,1679,12580,18335773,347687,18174125
2024-07-01,UK,38999,1945,38796,18374772,349632,18212921
2024-06-30,UK,46487,216,45988,18421259,349848,18258909
2024-06-29,UK,47129,1536,46780,18468388,351384,18305689
2024-06-28,UK,7992,1247,7945,18476380,352631,18313634
2024-06-27,UK,13355,289,13153,18489735,352920,18326787
2024-06-26,UK,41920,1816,41746,18531655,354736,18368533
2024-06-25,UK,1019,1755,814,18532674,356491,18369347
2024-06-24,UK,26210,162,25986,18558884,356653,18395333
2024-06-23,UK,24625,1356,24598,18583509,358009,18419931
2024-06-22,UK,10544,1621,10495,18594053,359630,18430426
2024-06-21,UK,45914,804,45569,18639967,360434,18475995
2024-06-20,UK,33686,78,33513,18673653,360512,18509508
2024-06-19,UK,32006,1916,31514,18705659,362428,18541022
2024-06-18,UK,28181,716,27979,18733840,363144,18569001
2024-06-17,UK,14521,838,14230,18748361,363982,18583231
2024-06-16,UK,8958,1576,8489,18757319,365558,18591720
2024-06-15,UK,48352,744,47917,18805671,366302,18639637
2024-06-14,UK,44938,195,44535,18850609,366497,18684172
2024-06-13,UK,6669,723,6241,18857278,367220,18690413
2024-06-12,UK,15643,1139,15405,18872921,368359,18705818
2024-06-11,UK,47787,1254,47710,18920708,369613,18753528
2024-06-10,UK,23779,1273,23632,18944487,370886,18777160
2024-06-09,UK,12478,1451,12227,18956965,372337,18789387
2024-06-08,UK,17952,1081,17850,18974917,373418,18807237
2024-06-07,UK,9848,1642,9578,18984765,375060,18816815
2024-06-06,UK,15254,642,15008,19000019,375702,18831823
2024-06-05,UK,2299,444,1802,19002318,376146,18833625
2024-06-04,UK,48666,620,48186,19050984,376766,18881811
2024-06-03,UK,15377,947,15257,19066361,377713,18897068
2024-06-02,UK,36274,1939,36034,19102635,379652,18933102
2024-06-01,UK,48831,1590,48596,19151466,381242,18981698
2024-05-31,UK,9613,789,9578,19161079,382031,18991276
2024-05-30,UK,49033,1523,48800,19210112,383554,19040076
2024-05-29,UK,39947,1626,39718,19250059,385180,19079794
2024-05-28,UK,49047,1168,48749,19299106,386348,19128543
2024-05-27,UK,44475,46,44264,19343581,386394,19172807
2024-05-26,UK,17411,604,17297,19360992,386998,19190104
2024-05-25,UK,19973,788,19811,19380965,387786,19209915
2024-05-24,UK,19097,516,18977,19400062,388302,19228892
2024-05-23,UK,872,225,753,19400934,388527,19229645
2024-05-22,UK,42460,337,42140,19443394,388864,19271785
2024-05-21,UK,46289,232,46034,19489683,389096,19317819
2024-05-20,UK,6135,1530,5814,19495818,390626,19323633
2024-05-19,UK,36111,576,35847,19531929,391202,19359480
2024-05-18,UK,38378,254,38141,19570307,391456,19397621
2024-05-17,UK,16955,1675,16855,19587262,393131,19414476
2024-05-16,UK,40722,1997,40680,19627984,395128,19455156
2024-05-15,UK,33505,1348,33481,19661489,396476,19488637
2024-05-14,UK,17062,483,16938,19678551,396959,19505575
2024-05-13,UK,24816,1644,24333,19703367,398603,19529908
2024-05-12,UK,19139,260,18655,19722506,398863,19548563
2024-05-11,UK,44625,550,44604,19767131,399413,19593167
2024-05-10,UK,38524,169,38252,19805655,399582,19631419
2024-05-09,UK,45311,521,44946,19850966,400103,19676365
2024-05-08,UK,34752,209,34289,19885718,400312,19710654
2024-05-07,UK,24627,673,24399,19910345,400985,19735053
2024-05-06,UK,21973,712,21633,19932318,401697,19756686
2024-05-05,UK,38750,1139,38525,19971068,402836,19795211
2024-05-04,UK,29476,13,29382,20000544,402849,19824593
2024-05-03,UK,9198,1595,9145,20009742,404444,19833738
2024-05-02,UK,30687,1784,30407,20040429,406228,19864145
2024-05-01,UK,12626,1354,12392,20053055,407582,19876537
2024-04-30,UK,49839,972,49533,20102894,408554,19926070
2024-04-29,UK,7308,938,6821,20110202,409492,19932891
2024-04-28,UK,20607,659,20223,20130809,410151,19953114
2024-04-27,UK,34011,566,33971,20164820,410717,19987085
2024-04-26,UK,13067,749,13039,20177887,411466,20000124
2024-04-25,UK,39954,205,39738,20217841,411671,20039862
2024-04-24,UK,35693,1469,35527,20253534,413140,20075389
2024-04-23,UK,2381,1414,1908,20255915,414554,20077297
2024-04-22,UK,49531,627,49207,20305446,415181,20126504
2024-04-21,UK,13117,695,12922,20318563,415876,20139426
2024-04-20,UK,34196,617,34041,20352759,416493,20173467
2024-04-19,UK,19508,1731,19233,20372267,418224,20192700
2024-04-18,UK,39268,60,39125,20411535,418284,20231825
2024-04-17,UK,47070,1773,46948,20458605,420057,20278773
2024-04-16,UK,22843,1869,22419,20481448,421926,20301192
2024-04-15,UK,35613,86,35136,20517061,422012,20336328
2024-04-14,UK,4433,1404,4192,20521494,423416,20340520
2024-04-13,UK,26382,1605,26175,20547876,425021,20366695
2024-04-12,UK,47937,1259,47784,20595813,426280,20414479
2024-04-11,UK,49069,1233,48634,20644882,427513,20463113
2024-04-10,UK,47982,830,47751,20692864,428343,20510864
2024-04-09,UK,25963,228,25650,20718827,428571,20536514
2024-04-08,UK,40731,1991,40714,20759558,430562,20577228
2024-04-07,UK,45098,559,44721,20804656,431121,20621949
2024-04-06,UK,37996,18,37652,20842652,431139,20659601
2024-04-05,UK,46039,1175,45548,20888691,432314,20705149
2024-04-04,UK,43738,659,43587,20932429,432973,20748736
2024-04-03,UK,35703,143,35437,20968132,433116,20784173
2024-04-02,UK,19958,1859,19481,20988090,434975,20803654
2024-04-01,UK,18167,231,18113,21006257,435206,20821767
2024-03-31,UK,4336,476,3868,21010593,435682,20825635
2024-03-30,UK,34403,1523,34063,21044996,437205,20859698
2024-03-29,UK,24999,108,24738,21069995,437313,20884436
2024-03-28,UK,25677,115,25477,21095672,437428,20909913
2024-03-27,UK,14677,1256,14272,21110349,438684,20924185
2024-03-26,UK,10320,1522,10008,21120669,440206,20934193
2024-03-25,UK,23135,1365,22974,21143804,441571,20957167
2024-03-24,UK,42632,308,42294,21186436,441879,20999461
2024-03-23,UK,6801,1087,6606,21193237,442966,21006067
2024-03-22,UK,7202,1301,6857,21200439,444267,21012924
2024-03-21,UK,5455,1219,5202,21205894,445486,21018126
2024-03-20,UK,48940,1473,48628,21254834,446959,21066754
2024-03-19,UK,16966,1503,16832,21271800,448462,21083586
2024-03-18,UK,23952,1001,23461,21295752,449463,21107047
2024-03-17,UK,5266,713,5145,21301018,450176,21112192
2024-03-16,UK,13506,1856,13039,21314524,452032,21125231
2024-03-15,UK,40663,674,40308,21355187,452706,21165539
2024-03-14,UK,11710,906,11402,21366897,453612,21176941
2024-03-13,UK,15800,823,15313,21382697,454435,21192254
2024-03-12,UK,17595,988,17473,21400292,455423,21209727
2024-03-11,UK,4253,1290,4104,21404545,456713,21213831
2024-03-10,UK,42673,872,42558,21447218,457585,21256389
2025-03-09,Germany,46566,352,46115,29929564,276379,29653086
2025-03-08,Germany,45915,1440,45558,29975479,277819,29698644
2025-03-07,Germany,25309,715,24999,30000788,278534,29723643
2025-03-06,Germany,1295,1890,1063,30002083,280424,29724706
2025-03-05,Germany,46164,1644,46033,30048247,282068,29770739
2025-03-04,Germany,27033,814,26745,30075280,282882,29797484
2025-03-03,Germany,47539,597,47489,30122819,283479,29844973
2025-03-02,Germany,6524,819,6200,30129343,284298,29851173
2025-03-01,Germany,33455,1633,33015,30162798,285931,29884188
2025-02-28,Germany,16646,1573,16367,30179444,287504,29900555
2025-02-27,Germany,38348,1195,38182,30217792,288699,29938737
2025-02-26,Germany,15455,770,15022,30233247,289469,29953759
2025-02-25,Germany,14437,1364,14059,30247684,290833,29967818
2025-02-24,Germany,11401,1070,11070,30259085,291903,29978888
2025-02-23,Germany,10194,1420,9975,30269279,293323,29988863
2025-02-22,Germany,14165,1410,13694,30283444,294733,30002557
2025-02-21,Germany,29929,1480,29504,30313373,296213,30032061
2025-02-20,Germany,18573,1724,18415,30331946,297937,30050476
2025-02-19,Germany,835,1114,690,30332781,299051,30051166
2025-02-18,Germany,1389,1140,1167,30334170,300191,30052333
2025-02-17,Germany,38974,1185,38720,30373144,301376,30091053
2025-02-16,Germany,26417,911,26335,30399561,302287,30117388
2025-02-15,Germany,41953,328,41712,30441514,302615,30159100
2025-02-14,Germany,14258,276,13765,30455772,302891,30172865
2025-02-13,Germany,10892,1348,10722,30466664,304239,30183587
2025-02-12,Germany,4970,890,4548,30471634,305129,30188135
2025-02-11,Germany,22251,902,21792,30493885,306031,30209927
2025-02-10,Germany,15935,57,15700,30509820,306088,30225627
2025-02-09,Germany,48859,1705,48577,30558679,307793,30274204
2025-02-08,Germany,10646,1086,10274,30569325,308879,30284478
2025-02-07,Germany,47422,1060,47056,30616747,309939,30331534
2025-02-06,Germany,27159,702,26984,30643906,310641,30358518
2025-02-05,Germany,49189,56,48940,30693095,310697,30407458
2025-02-04,Germany,31882,442,31781,30724977,311139,30439239
2025-02-03,Germany,45537,1781,45340,30770514,312920,30484579
2025-02-02,Germany,14025,1260,13662,30784539,314180,30498241
2025-02-01,Germany,45383,558,45042,30829922,314738,30543283
2025-01-31,Germany,46963,524,46924,30876885,315262,30590207
2025-01-30,Germany,44072,1720,43984,30920957,316982,30634191
2025-01-29,Germany,1701,980,1565,30922658,317962,30635756
2025-01-28,Germany,46444,823,46227,30969102,318785,30681983
2025-01-27,Germany,19200,1483,18757,30988302,320268,30700740
2025-01-26,Germany,38238,1043,37985,31026540,321311,30738725
2025-01-25,Germany,1200,257,949,31027740,321568,30739674
2025-01-24,Germany,21962,153,21877,31049702,321721,30761551
2025-01-23,Germany,20459,163,20159,31070161,321884,30781710
2025-01-22,Germany,37653,704,37588,31107814,322588,30819298
2025-01-21,Germany,41199,1365,40841,31149013,323953,30860139
2025-01-20,Germany,655,1211,390,31149668,325164,30860529
2025-01-19,Germany,32554,1394,32428,31182222,326558,30892957
2025-01-18,Germany,7936,1272,7445,31190158,327830,30900402
2025-01-17,Germany,13609,349,13241,31203767,328179,30913643
2025-01-16,Germany,40379,552,40283,31244146,328731,30953926
2025-01-15,Germany,15682,929,15220,31259828,329660,30969146
2025-01-14,Germany,48263,363,48043,31308091,330023,31017189
2025-01-13,Germany,33552,1931,33369,31341643,331954,31050558
2025-01-12,Germany,11315,730,11280,31352958,332684,31061838
2025-01-11,Germany,5766,189,5661,31358724,332873,31067499
2025-01-10,Germany,3772,385,3404,31362496,333258,31070903
2025-01-09,Germany,2419,1097,2278,31364915,334355,31073181
2025-01-08,Germany,25815,1772,25380,31390730,336127,31098561
2025-01-07,Germany,7680,1195,7437,31398410,337322,31105998
2025-01-06,Germany,40745,1972,40399,31439155,339294,31146397
2025-01-05,Germany,40479,1482,40152,31479634,340776,31186549
2025-01-04,Germany,45277,396,45124,31524911,341172,31231673
2025-01-03,Germany,16063,339,15934,31540974,341511,31247607
2025-01-02,Germany,30173,1264,29795,31571147,342775,31277402
2025-01-01,Germany,35129,134,35041,31606276,342909,31312443
2024-12-31,Germany,42199,963,42056,31648475,343872,31354499
2024-12-30,Germany,11422,367,11199,31659897,344239,31365698
2024-12-29,Germany,36917,997,36699,31696814,345236,31402397
2024-12-28,Germany,22651,1999,22422,31719465,347235,31424819
2024-12-27,Germany,43716,1028,43550,31763181,348263,31468369
2024-12-26,Germany,30336,1242,30043,31793517,349505,31498412
2024-12-25,Germany,38146,31,37817,31831663,349536,31536229
2024-12-24,Germany,5956,1101,5818,31837619,350637,31542047
2024-12-23,Germany,49307,586,48992,31886926,351223,31591039
2024-12-22,Germany,6903,1649,6863,31893829,352872,31597902
2024-12-21,Germany,20988,1660,20962,31914817,354532,31618864
2024-12-20,Germany,44898,828,44465,31959715,355360,31663329
2024-12-19,Germany,23713,1661,23523,31983428,357021,31686852
2024-12-18,Germany,10872,957,10760,31994300,357978,31697612
2024-12-17,Germany,8956,1822,8944,32003256,359800,31706556
2024-12-16,Germany,12355,82,11988,32015611,359882,31718544
2024-12-15,Germany,12967,1634,12557,32028578,361516,31731101
2024-12-14,Germany,42527,877,42284,32071105,362393,31773385
2024-12-13,Germany,12036,774,11775,32083141,363167,31785160
2024-12-12,Germany,11089,800,10649,32094230,363967,31795809
2024-12-11,Germany,35975,1315,35541,32130205,365282,31831350
2024-12-10,Germany,19610,1148,19280,32149815,366430,31850630
2024-12-09,Germany,551,1877,234,32150366,368307,31850864
2024-12-08,Germany,29936,1630,29787,32180302,369937,31880651
2024-12-07,Germany,6628,813,6247,32186930,370750,31886898
2024-12-06,Germany,45951,188,45854,32232881,370938,31932752
2024-12-05,Germany,34503,209,34264,32267384,371147,31967016
2024-12-04,Germany,38313,1640,37879,32305697,372787,32004895
2024-12-03,Germany,34448,1517,34088,32340145,374304,32038983
2024-12-02,Germany,46999,814,46643,32387144,375118,32085626
2024-12-01,Germany,26543,548,26426,32413687,375666,32112052
2024-11-30,Germany,13887,1822,13492,32427574,377488,32125544
2024-11-29,Germany,49583,473,49534,32477157,377961,32175078
2024-11-28,Germany,35105,1804,35078,32512262,379765,32210156
2024-11-27,Germany,13614,1537,13559,32525876,381302,32223715
2024-11-26,Germany,8020,992,7626,32533896,382294,32231341
2024-11-25,Germany,28778,1856,28282,32562674,384150,32259623
2024-11-24,Germany,41438,1689,41188,32604112,385839,32300811
2024-11-23,Germany,6758,30,6736,32610870,385869,32307547
2024-11-22,Germany,7665,1230,7422,32618535,387099,32314969
2024-11-21,Germany,20036,369,19635,32638571,387468,32334604
2024-11-20,Germany,12261,396,12031,32650832,387864,32346635
2024-11-19,Germany,5646,1235,5361,32656478,389099,32351996
2024-11-18,Germany,30925,918,30536,32687403,390017,32382532
2024-11-17,Germany,17197,125,17064,32704600,390142,32399596
2024-11-16,Germany,810,1910,709,32705410,392052,32400305
2024-11-15,Germany,35329,1650,35150,32740739,393702,32435455
2024-11-14,Germany,43829,1365,43711,32784568,395067,32479166
2024-11-13,Germany,38615,1794,38170,32823183,396861,32517336
2024-11-12,Germany,17516,321,17126,32840699,397182,32534462
2024-11-11,Germany,35196,394,34862,32875895,397576,32569324
2024-11-10,Germany,44249,1157,43890,32920144,398733,32613214
2024-11-09,Germany,49757,601,49709,32969901,399334,32662923
2024-11-08,Germany,22517,1106,22403,32992418,400440,32685326
2024-11-07,Germany,15348,1696,15155,33007766,402136,32700481
2024-11-06,Germany,26655,1481,26635,33034421,403617,32727116
2024-11-05,Germany,6916,70,6640,33041337,403687,32733756
2024-11-04,Germany,14960,309,14542,33056297,403996,32748298
2024-11-03,Germany,26449,1425,26047,33082746,405421,32774345
2024-11-02,Germany,6701,1766,6204,33089447,407187,32780549
2024-11-01,Germany,3137,1826,3069,33092584,409013,32783618
2024-10-31,Germany,30279,1281,29900,33122863,410294,32813518
2024-10-30,Germany,14849,592,14681,33137712,410886,32828199
2024-10-29,Germany,28591,926,28506,33166303,411812,32856705
2024-10-28,Germany,44738,1454,44417,33211041,413266,32901122
2024-10-27,Germany,10270,593,10171,33221311,413859,32911293
2024-10-26,Germany,33719,1789,33333,33255030,415648,32944626
2024-10-25,Germany,45786,270,45550,33300816,415918,32990176
2024-10-24,Germany,25947,92,25539,33326763,416010,33015715
2024-10-23,Germany,42816,848,42551,33369579,416858,33058266
2024-10-22,Germany,38144,344,37811,33407723,417202,33096077
2024-10-21,Germany,19175,1168,18708,33426898,418370,33114785
2024-10-20,Germany,25813,1145,25716,33452711,419515,33140501
2024-10-19,Germany,43392,1377,42955,33496103,420892,33183456
2024-10-18,Germany,32161,533,31891,33528264,421425,33215347
2024-10-17,Germany,14814,31,14707,33543078,421456,33230054
2024-10-16,Germany,24622,341,24176,33567700,421797,33254230
2024-10-15,Germany,4832,897,4350,33572532,422694,33258580
2024-10-14,Germany,45239,68,45101,33617771,422762,33303681
2024-10-13,Germany,32174,1687,31784,33649945,424449,33335465
2024-10-12,Germany,19153,1887,18805,33669098,426336,33354270
2024-10-11,Germany,22986,377,22589,33692084,426713,33376859
2024-10-10,Germany,37526,1781,37290,33729610,428494,33414149
2024-10-09,Germany,4316,464,4060,33733926,428958,33418209
2024-10-08,Germany,28684,513,28632,33762610,429471,33446841
2024-10-07,Germany,32393,1577,32253,33795003,431048,33479094
2024-10-06,Germany,7748,1364,7446,33802751,432412,33486540
2024-10-05,Germany,18864,747,18703,33821615,433159,33505243
2024-10-04,Germany,37458,1463,36963,33859073,434622,33542206
2024-10-03,Germany,15199,902,14753,33874272,435524,33556959
2024-10-02,Germany,44989,1331,44804,33919261,436855,33601763
2024-10-01,Germany,4670,1609,4397,33923931,438464,33606160
2024-09-30,Germany,26152,1947,25866,33950083,440411,33632026
2024-09-29,Germany,10425,926,10261,33960508,441337,33642287
2024-09-28,Germany,29900,905,29869,33990408,442242,33672156
2024-09-27,Germany,12354,1876,12324,34002762,444118,33684480
2024-09-26,Germany,29081,756,28976,34031843,444874,33713456
2024-09-25,Germany,22939,231,22602,34054782,445105,33736058
2024-09-24,Germany,10111,157,9778,34064893,445262,33745836
2024-09-23,Germany,21947,1811,21654,34086840,447073,33767490
2024-09-22,Germany,34864,1136,34765,34121704,448209,33802255
2024-09-21,Germany,46941,419,46463,34168645,448628,33848718
2024-09-20,Germany,32302,1299,32084,34200947,449927,33880802
2024-09-19,Germany,18006,489,17736,34218953,450416,33898538
2024-09-18,Germany,20654,576,20507,34239607,450992,33919045
2024-09-17,Germany,35858,421,35602,34275465,451413,33954647
2024-09-16,Germany,8936,995,8897,34284401,452408,33963544
2024-09-15,Germany,23453,1450,23152,34307854,453858,33986696
2024-09-14,Germany,47986,1411,47857,34355840,455269,34034553
2024-09-13,Germany,46831,71,46611,34402671,455340,34081164
2024-09-12,Germany,37573,1071,37318,34440244,456411,34118482
2024-09-11,Germany,18290,124,18087,34458534,456535,34136569
2024-09-10,Germany,36955,1222,36888,34495489,457757,34173457
2024-09-09,Germany,43307,1648,43178,34538796,459405,34216635
2024-09-08,Germany,35689,1420,35538,34574485,460825,34252173
2024-09-07,Germany,45610,997,45600,34620095,461822,34297773
2024-09-06,Germany,11699,752,11436,34631794,462574,34309209
2024-09-05,Germany,49074,737,48601,34680868,463311,34357810
2024-09-04,Germany,23132,859,22692,34704000,464170,34380502
2024-09-03,Germany,40321,464,40237,34744321,464634,34420739
2024-09-02,Germany,15295,1699,14960,34759616,466333,34435699
2024-09-01,Germany,36659,1123,36506,34796275,467456,34472205
2024-08-31,Germany,39443,1619,39047,34835718,469075,34511252
2024-08-30,Germany,6249,459,5879,34841967,469534,34517131
2024-08-29,Germany,38231,276,37853,34880198,469810,34554984
2024-08-28,Germany,25486,1882,25301,34905684,471692,34580285
2024-08-27,Germany,46494,651,46368,34952178,472343,34626653
2024-08-26,Germany,21011,614,20795,34973189,472957,34647448
2024-08-25,Germany,37209,327,36967,35010398,473284,34684415
2024-08-24,Germany,40847,774,40717,35051245,474058,34725132
2024-08-23,Germany,11427,787,11161,35062672,474845,34736293
2024-08-22,Germany,25975,830,25674,35088647,475675,34761967
2024-08-21,Germany,26782,1680,26289,35115429,477355,34788256
2024-08-20,Germany,44650,1396,44408,35160079,478751,34832664
2024-08-19,Germany,29297,1110,29020,35189376,479861,34861684
2024-08-18,Germany,35095,404,34982,35224471,480265,34896666
2024-08-17,Germany,27530,1283,27421,35252001,481548,34924087
2024-08-16,Germany,36686,1596,36387,35288687,483144,34960474
2024-08-15,Germany,34297,877,34145,35322984,484021,34994619
2024-08-14,Germany,2927,623,2800,35325911,484644,34997419
2024-08-13,Germany,32598,363,32166,35358509,485007,35029585
2024-08-12,Germany,27589,764,27187,35386098,485771,35056772
2024-08-11,Germany,26293,794,26116,35412391,486565,35082888
2024-08-10,Germany,26660,1383,26375,35439051,487948,35109263
2024-08-09,Germany,23194,1967,23160,35462245,489915,35132423
2024-08-08,Germany,9061,540,8770,35471306,490455,35141193
2024-08-07,Germany,40466,1203,40067,35511772,491658,35181260
2024-08-06,Germany,23607,253,23391,35535379,491911,35204651
2024-08-05,Germany,5370,217,5362,35540749,492128,35210013
2024-08-04,Germany,13011,55,12832,35553760,492183,35222845
2024-08-03,Germany,13620,1286,13288,35567380,493469,35236133
2024-08-02,Germany,25200,1501,25150,35592580,494970,35261283
2024-08-01,Germany,15576,951,15385,35608156,495921,35276668
2024-07-31,Germany,21306,1129,21230,35629462,497050,35297898
2024-07-30,Germany,31624,1388,31429,35661086,498438,35329327
2024-07-29,Germany,7193,334,7022,35668279,498772,35336349
2024-07-28,Germany,26042,1950,25633,35694321,500722,35361982
2024-07-27,Germany,48319,627,48014,35742640,501349,35409996
2024-07-26,Germany,42313,1482,42228,35784953,502831,35452224
2024-07-25,Germany,40579,340,40416,35825532,503171,35492640
2024-07-24,Germany,12753,578,12720,35838285,503749,35505360
2024-07-23,Germany,23597,31,23132,35861882,503780,35528492
2024-07-22,Germany,11156,1924,11048,35873038,505704,35539540
2024-07-21,Germany,43663,499,43507,35916701,506203,35583047
2024-07-20,Germany,45814,232,45532,35962515,506435,35628579
2024-07-19,Germany,34964,1074,34696,35997479,507509,35663275
2024-07-18,Germany,24985,751,24873,36022464,508260,35688148
2024-07-17,Germany,25981,178,25665,36048445,508438,35713813
2024-07-16,Germany,23347,699,23077,36071792,509137,35736890
2024-07-15,Germany,46230,102,45804,36118022,509239,35782694
2024-07-14,Germany,24415,255,24132,36142437,509494,35806826
2024-07-13,Germany,21195,780,20950,36163632,510274,35827776
2024-07-12,Germany,25839,762,25621,36189471,511036,35853397
2024-07-11,Germany,19467,536,19220,36208938,511572,35872617
2024-07-10,Germany,30538,646,30096,36239476,512218,35902713
2024-07-09,Germany,43333,117,43258,36282809,512335,35945971
2024-07-08,Germany,8633,621,8215,36291442,512956,35954186
2024-07-07,Germany,6788,209,6379,36298230,513165,35960565
2024-07-06,Germany,32355,322,32147,36330585,513487,35992712
2024-07-05,Germany,36246,856,35857,36366831,514343,36028569
2024-07-04,Germany,1780,518,1559,36368611,514861,36030128
2024-07-03,Germany,41946,537,41796,36410557,515398,36071924
2024-07-02,Germany,21132,289,21080,36431689,515687,36093004
2024-07-01,Germany,27531,106,27091,36459220,515793,36120095
2024-06-30,Germany,20629,345,20318,36479849,516138,36140413
2024-06-29,Germany,2421,555,2379,36482270,516693,36142792
2024-06-28,Germany,20736,1542,20496,36503006,518235,36163288
2024-06-27,Germany,12064,988,11966,36515070,519223,36175254
2024-06-26,Germany,19265,1865,19220,36534335,521088,36194474
2024-06-25,Germany,49620,903,49543,36583955,521991,36244017
2024-06-24,Germany,25087,1525,24932,36609042,523516,36268949
2024-06-23,Germany,10174,1535,10062,36619216,525051,36279011
2024-06-22,Germany,15253,1030,14928,36634469,526081,36293939
2024-06-21,Germany,47140,1676,46803,36681609,527757,36340742
2024-06-20,Germany,38690,266,38390,36720299,528023,36379132
2024-06-19,Germany,37237,1327,37166,36757536,529350,36416298
2024-06-18,Germany,12968,1915,12721,36770504,531265,36429019
2024-06-17,Germany,45935,148,45704,36816439,531413,36474723
2024-06-16,Germany,9538,1645,9167,36825977,533058,36483890
2024-06-15,Germany,49215,517,48898,36875192,533575,36532788
2024-06-14,Germany,39115,1728,39009,36914307,535303,36571797
2024-06-13,Germany,15816,1841,15535,36930123,537144,36587332
2024-06-12,Germany,15034,562,14817,36945157,537706,36602149
2024-06-11,Germany,34030,92,33537,36979187,537798,36635686
2024-06-10,Germany,13801,350,13447,36992988,538148,36649133
2024-06-09,Germany,29741,627,29573,37022729,538775,36678706
2024-06-08,Germany,4547,1171,4079,37027276,539946,36682785
2024-06-07,Germany,41350,1875,41015,37068626,541821,36723800
2024-06-06,Germany,3570,326,3479,37072196,542147,36727279
2024-06-05,Germany,7482,1215,7406,37079678,543362,36734685
2024-06-04,Germany,16585,175,16453,37096263,543537,36751138
2024-06-03,Germany,1059,1772,623,37097322,545309,36751761
2024-06-02,Germany,10019,1267,9995,37107341,546576,36761756
2024-06-01,Germany,42856,1332,42775,37150197,547908,36804531
2024-05-31,Germany,10957,1538,10574,37161154,549446,36815105
2024-05-30,Germany,32719,372,32292,37193873,549818,36847397
2024-05-29,Germany,45295,284,44962,37239168,550102,36892359
2024-05-28,Germany,29421,1991,29352,37268589,552093,36921711
2024-05-27,Germany,49171,871,48921,37317760,552964,36970632
2024-05-26,Germany,32110,1931,32027,37349870,554895,37002659
2024-05-25,Germany,40405,1632,40252,37390275,556527,37042911
2024-05-24,Germany,35506,491,35215,37425781,557018,37078126
2024-05-23,Germany,5856,1622,5382,37431637,558640,37083508
2024-05-22,Germany,10956,1217,10750,37442593,559857,37094258
2024-05-21,Germany,16331,455,16071,37458924,560312,37110329
2024-05-20,Germany,23001,1503,22654,37481925,561815,37132983
2024-05-19,Germany,43499,1674,43053,37525424,563489,37176036
2024-05-18,Germany,35525,1963,35415,37560949,565452,37211451
2024-05-17,Germany,29604,921,29264,37590553,566373,37240715
2024-05-16,Germany,11395,449,11342,37601948,566822,37252057
2024-05-15,Germany,26663,1018,26520,37628611,567840,37278577
2024-05-14,Germany,18059,1155,17932,37646670,568995,37296509
2024-05-13,Germany,15829,80,15478,37662499,569075,37311987
2024-05-12,Germany,14029,1173,13984,37676528,570248,37325971
2024-05-11,Germany,35801,1644,35454,37712329,571892,37361425
2024-05-10,Germany,38369,146,37952,37750698,572038,37399377
2024-05-09,Germany,24723,1176,24632,37775421,573214,37424009
2024-05-08,Germany,45670,1904,45184,37821091,575118,37469193
2024-05-07,Germany,23487,1928,23039,37844578,577046,37492232
2024-05-06,Germany,1442,1079,1368,37846020,578125,37493600
2024-05-05,Germany,2751,675,2321,37848771,578800,37495921
2024-05-04,Germany,27368,715,27074,37876139,579515,37522995
2024-05-03,Germany,4686,1813,4231,37880825,581328,37527226
2024-05-02,Germany,23931,1359,23835,37904756,582687,37551061
2024-05-01,Germany,4277,148,4230,37909033,582835,37555291
2024-04-30,Germany,20223,257,19806,37929256,583092,37575097
2024-04-29,Germany,6288,283,5953,37935544,583375,37581050
2024-04-28,Germany,22547,1162,22257,37958091,584537,37603307
2024-04-27,Germany,23615,637,23267,37981706,585174,37626574
2024-04-26,Germany,29192,1839,28851,38010898,587013,37655425
2024-04-25,Germany,36728,1462,36350,38047626,588475,37691775
2024-04-24,Germany,9467,1096,9188,38057093,589571,37700963
2024-04-23,Germany,34348,954,34017,38091441,590525,37734980
2024-04-22,Germany,8385,1267,7944,38099826,591792,37742924
2024-04-21,Germany,21013,227,20738,38120839,592019,37763662
2024-04-20,Germany,37090,1292,36936,38157929,593311,37800598
2024-04-19,Germany,28652,403,28545,38186581,593714,37829143
2024-04-18,Germany,30633,1474,30565,38217214,595188,37859708
2024-04-17,Germany,22217,511,21771,38239431,595699,37881479
2024-04-16,Germany,9103,1378,8610,38248534,597077,37890089
2024-04-15,Germany,23068,803,22639,38271602,597880,37912728
2024-04-14,Germany,25995,1262,25588,38297597,599142,37938316
2024-04-13,Germany,48042,1094,47607,38345639,600236,37985923
2024-04-12,Germany,38206,459,37722,38383845,600695,38023645
2024-04-11,Germany,39193,1872,39120,38423038,602567,38062765
2024-04-10,Germany,39515,655,39047,38462553,603222,38101812
2024-04-09,Germany,2568,452,2109,38465121,603674,38103921
2024-04-08,Germany,22743,1250,22365,38487864,604924,38126286
2024-04-07,Germany,29546,1708,29306,38517410,606632,38155592
2024-04-06,Germany,41435,1953,41241,38558845,608585,38196833
2024-04-05,Germany,5089,1488,4876,38563934,610073,38201709
2024-04-04,Germany,20945,1998,20693,38584879,612071,38222402
2024-04-03,Germany,33238,1924,32783,38618117,613995,38255185
2024-04-02,Germany,26627,795,26415,38644744,614790,38281600
2024-04-01,Germany,41087,1667,40805,38685831,616457,38322405
2024-03-31,Germany,32109,1688,31829,38717940,618145,38354234
2024-03-30,Germany,27488,1500,27054,38745428,619645,38381288
2024-03-29,Germany,20193,1956,20145,38765621,621601,38401433
2024-03-28,Germany,24977,926,24690,38790598,622527,38426123
2024-03-27,Germany,32087,1406,32041,38822685,623933,38458164
2024-03-26,Germany,17693,916,17316,38840378,624849,38475480
2024-03-25,Germany,35308,1469,35249,38875686,626318,38510729
2024-03-24,Germany,28297,1673,27907,38903983,627991,38538636
2024-03-23,Germany,13836,962,13709,38917819,628953,38552345
2024-03-22,Germany,42854,1274,42547,38960673,630227,38594892
2024-03-21,Germany,13923,1027,13840,38974596,631254,38608732
2024-03-20,Germany,18664,1943,18325,38993260,633197,38627057
2024-03-19,Germany,27108,1448,26975,39020368,634645,38654032
2024-03-18,Germany,9604,42,9565,39029972,634687,38663597
2024-03-17,Germany,17358,476,17275,39047330,635163,38680872
2024-03-16,Germany,11969,887,11606,39059299,636050,38692478
2024-03-15,Germany,44544,397,44057,39103843,636447,38736535
2024-03-14,Germany,44575,1338,44155,39148418,637785,38780690
2024-03-13,Germany,27519,167,27046,39175937,637952,38807736
2024-03-12,Germany,6924,1999,6625,39182861,639951,38814361
2024-03-11,Germany,38335,1819,38135,39221196,641770,38852496
2024-03-10,Germany,47943,100,47784,39269139,641870,38900280
2025-03-09,France,6024,1159,5785,2110732,125513,1986139
2025-03-08,France,14403,1800,14075,2125135,127313,2000214
2025-03-07,France,38628,78,38450,2163763,127391,2038664
2025-03-06,France,48223,84,47909,2211986,127475,2086573
2025-03-05,France,42098,439,42015,2254084,127914,2128588
2025-03-04,France,34624,1481,34333,2288708,129395,2162921
2025-03-03,France,10852,79,10841,2299560,129474,2173762
2025-03-02,France,9920,866,9590,2309480,130340,2183352
2025-03-01,France,1022,716,812,2310502,131056,2184164
2025-02-28,France,30518,551,30316,2341020,131607,2214480
2025-02-27,France,43970,1666,43531,2384990,133273,2258011
2025-02-26,France,34229,209,33865,2419219,133482,2291876
2025-02-25,France,35051,975,34942,2454270,134457,2326818
2025-02-24,France,7971,250,7844,2462241,134707,2334662
2025-02-23,France,31446,1539,31330,2493687,136246,2365992
2025-02-22,France,34575,199,34516,2528262,136445,2400508
2025-02-21,France,47016,257,46559,2575278,136702,2447067
2025-02-20,France,42384,856,41990,2617662,137558,2489057
2025-02-19,France,47283,960,46952,2664945,138518,2536009
2025-02-18,France,5182,1900,4936,2670127,140418,2540945
2025-02-17,France,37543,825,37310,2707670,141243,2578255
2025-02-16,France,11500,1643,11173,2719170,142886,2589428
2025-02-15,France,12920,1579,12501,2732090,144465,2601929
2025-02-14,France,39351,343,39207,2771441,144808,2641136
2025-02-13,France,1462,878,1390,2772903,145686,2642526
2025-02-12,France,2652,1955,2431,2775555,147641,2644957
2025-02-11,France,47014,483,46679,2822569,148124,2691636
2025-02-10,France,38463,1235,38064,2861032,149359,2729700
2025-02-09,France,17786,733,17739,2878818,150092,2747439
2025-02-08,France,44987,1109,44529,2923805,151201,2791968
2025-02-07,France,17343,1483,17028,2941148,152684,2808996
2025-02-06,France,44767,427,44708,2985915,153111,2853704
2025-02-05,France,31368,1258,31107,3017283,154369,2884811
2025-02-04,France,9639,1279,9316,3026922,155648,2894127
2025-02-03,France,48110,845,47935,3075032,156493,2942062
2025-02-02,France,6923,175,6568,3081955,156668,2948630
2025-02-01,France,6978,761,6551,3088933,157429,2955181
2025-01-31,France,32819,961,32658,3121752,158390,2987839
2025-01-30,France,38389,1132,38040,3160141,159522,3025879
2025-01-29,France,8687,1009,8668,3168828,160531,3034547
2025-01-28,France,20667,295,20645,3189495,160826,3055192
2025-01-27,France,14673,1332,14188,3204168,162158,3069380
2025-01-26,France,18106,374,17614,3222274,162532,3086994
2025-01-25,France,35364,86,35207,3257638,162618,3122201
2025-01-24,France,23174,18,22842,3280812,162636,3145043
2025-01-23,France,48923,52,48665,3329735,162688,3193708
2025-01-22,France,48578,1304,48282,3378313,163992,3241990
2025-01-21,France,32962,1094,32788,3411275,165086,3274778
2025-01-20,France,12497,1003,12100,3423772,166089,3286878
2025-01-19,France,39649,1942,39312,3463421,168031,3326190
2025-01-18,France,31033,1446,30905,3494454,169477,3357095
2025-01-17,France,45764,420,45393,3540218,169897,3402488
2025-01-16,France,2548,1656,2276,3542766,171553,3404764
2025-01-15,France,28622,194,28413,3571388,171747,3433177
2025-01-14,France,6123,220,5882,3577511,171967,3439059
2025-01-13,France,13918,709,13765,3591429,172676,3452824
2025-01-12,France,23807,216,23372,3615236,172892,3476196
2025-01-11,France,9039,427,8724,3624275,173319,3484920
2025-01-10,France,23547,99,23301,3647822,173418,3508221
2025-01-09,France,26287,132,25808,3674109,173550,3534029
2025-01-08,France,15477,626,15062,3689586,174176,3549091
2025-01-07,France,20863,667,20678,3710449,174843,3569769
2025-01-06,France,18204,1726,18078,3728653,176569,3587847
2025-01-05,France,858,66,450,3729511,176635,3588297
2025-01-04,France,8764,899,8367,3738275,177534,3596664
2025-01-03,France,27977,246,27695,3766252,177780,3624359
2025-01-02,France,2748,1934,2273,3769000,179714,3626632
2025-01-01,France,20266,1316,20135,3789266,181030,3646767
2024-12-31,France,41767,493,41335,3831033,181523,3688102
2024-12-30,France,47380,310,47043,3878413,181833,3735145
2024-12-29,France,40705,1856,40330,3919118,183689,3775475
2024-12-28,France,36360,367,36186,3955478,184056,3811661
2024-12-27,France,24225,925,24171,3979703,184981,3835832
2024-12-26,France,10801,1602,10601,3990504,186583,3846433
2024-12-25,France,37759,1402,37635,4028263,187985,3884068
2024-12-24,France,36753,545,36378,4065016,188530,3920446
2024-12-23,France,19291,1039,19178,4084307,189569,3939624
2024-12-22,France,15496,1205,15127,4099803,190774,3954751
2024-12-21,France,32079,1931,32068,4131882,192705,3986819
2024-12-20,France,10065,1892,9989,4141947,194597,3996808
2024-12-19,France,19752,431,19470,4161699,195028,4016278
2024-12-18,France,1890,1033,1754,4163589,196061,4018032
2024-12-17,France,41863,1906,41470,4205452,197967,4059502
2024-12-16,France,25429,534,25006,4230881,198501,4084508
2024-12-15,France,48428,500,48034,4279309,199001,4132542
2024-12-14,France,7244,922,7100,4286553,199923,4139642
2024-12-13,France,43726,1732,43349,4330279,201655,4182991
2024-12-12,France,20157,225,20064,4350436,201880,4203055
2024-12-11,France,15644,1471,15361,4366080,203351,4218416
2024-12-10,France,12436,1906,12175,4378516,205257,4230591
2024-12-09,France,37295,999,37263,4415811,206256,4267854
2024-12-08,France,28877,839,28749,4444688,207095,4296603
2024-12-07,France,17288,1902,16852,4461976,208997,4313455
2024-12-06,France,24080,507,23658,4486056,209504,4337113
2024-12-05,France,30856,1923,30510,4516912,211427,4367623
2024-12-04,France,23270,1439,23044,4540182,212866,4390667
2024-12-03,France,14444,988,14206,4554626,213854,4404873
2024-12-02,France,7166,1675,6704,4561792,215529,4411577
2024-12-01,France,7899,1118,7427,4569691,216647,4419004
2024-11-30,France,6931,971,6792,4576622,217618,4425796
2024-11-29,France,41923,649,41612,4618545,218267,4467408
2024-11-28,France,3918,739,3681,4622463,219006,4471089
2024-11-27,France,3079,1253,2700,4625542,220259,4473789
2024-11-26,France,20421,1516,19976,4645963,221775,4493765
2024-11-25,France,34810,659,34515,4680773,222434,4528280
2024-11-24,France,23557,1556,23493,4704330,223990,4551773
2024-11-23,France,20923,712,20629,4725253,224702,4572402
2024-11-22,France,45154,32,44821,4770407,224734,4617223
2024-11-21,France,12673,1038,12392,4783080,225772,4629615
2024-11-20,France,49098,1053,48666,4832178,226825,4678281
2024-11-19,France,5486,676,5433,4837664,227501,4683714
2024-11-18,France,12922,1024,12557,4850586,228525,4696271
2024-11-17,France,21896,799,21446,4872482,229324,4717717
2024-11-16,France,3888,640,3878,4876370,229964,4721595
2024-11-15,France,30146,1753,29818,4906516,231717,4751413
2024-11-14,France,37916,1639,37706,4944432,233356,4789119
2024-11-13,France,25866,1775,25725,4970298,235131,4814844
2024-11-12,France,40684,1606,40558,5010982,236737,4855402
2024-11-11,France,25434,1104,25049,5036416,237841,4880451
2024-11-10,France,16647,1338,16471,5053063,239179,4896922
2024-11-09,France,21563,358,21193,5074626,239537,4918115
2024-11-08,France,41996,1341,41527,5116622,240878,4959642
2024-11-07,France,16350,772,16087,5132972,241650,4975729
2024-11-06,France,40740,1238,40326,5173712,242888,5016055
2024-11-05,France,22729,1299,22678,5196441,244187,5038733
2024-11-04,France,6832,1351,6606,5203273,245538,5045339
2024-11-03,France,41422,280,41393,5244695,245818,5086732
2024-11-02,France,19139,282,19068,5263834,246100,5105800
2024-11-01,France,24661,509,24561,5288495,246609,5130361
2024-10-31,France,10800,919,10721,5299295,247528,5141082
2024-10-30,France,47329,1139,47111,5346624,248667,5188193
2024-10-29,France,33929,103,33788,5380553,248770,5221981
2024-10-28,France,9636,492,9313,5390189,249262,5231294
2024-10-27,France,40327,219,40142,5430516,249481,5271436
2024-10-26,France,16622,86,16524,5447138,249567,5287960
2024-10-25,France,23694,949,23246,5470832,250516,5311206
2024-10-24,France,15594,1301,15223,5486426,251817,5326429
2024-10-23,France,15891,446,15856,5502317,252263,5342285
2024-10-22,France,3420,907,3064,5505737,253170,5345349
2024-10-21,France,39987,540,39596,5545724,253710,5384945
2024-10-20,France,7105,332,6731,5552829,254042,5391676
2024-10-19,France,17078,152,16615,5569907,254194,5408291
2024-10-18,France,12401,62,12271,5582308,254256,5420562
2024-10-17,France,47316,1645,47087,5629624,255901,5467649
2024-10-16,France,4598,1127,4225,5634222,257028,5471874
2024-10-15,France,26765,560,26448,5660987,257588,5498322
2024-10-14,France,35025,1431,34598,5696012,259019,5532920
2024-10-13,France,44634,13,44563,5740646,259032,5577483
2024-10-12,France,28554,496,28132,5769200,259528,5605615
2024-10-11,France,31143,1000,30850,5800343,260528,5636465
2024-10-10,France,29903,980,29775,5830246,261508,5666240
2024-10-09,France,13316,999,12880,5843562,262507,5679120
2024-10-08,France,12858,1898,12782,5856420,264405,5691902
2024-10-07,France,42026,665,41953,5898446,265070,5733855
2024-10-06,France,42734,888,42487,5941180,265958,5776342
2024-10-05,France,10568,1250,10243,5951748,267208,5786585
2024-10-04,France,16700,1688,16490,5968448,268896,5803075
2024-10-03,France,23756,810,23385,5992204,269706,5826460
2024-10-02,France,3998,329,3988,5996202,270035,5830448
2024-10-01,France,28983,1462,28587,6025185,271497,5859035
2024-09-30,France,36588,115,36309,6061773,271612,5895344
2024-09-29,France,18881,60,18728,6080654,271672,5914072
2024-09-28,France,7362,1484,7309,6088016,273156,5921381
2024-09-27,France,5809,413,5585,6093825,273569,5926966
2024-09-26,France,11885,218,11532,6105710,273787,5938498
2024-09-25,France,44682,1973,44604,6150392,275760,5983102
2024-09-24,France,23057,1085,22719,6173449,276845,6005821
2024-09-23,France,15373,1989,15160,6188822,278834,6020981
2024-09-22,France,44228,1966,44173,6233050,280800,6065154
2024-09-21,France,42274,1645,42013,6275324,282445,6107167
2024-09-20,France,20460,1962,20198,6295784,284407,6127365
2024-09-19,France,5329,777,5116,6301113,285184,6132481
2024-09-18,France,39572,1273,39166,6340685,286457,6171647
2024-09-17,France,43554,24,43483,6384239,286481,6215130
2024-09-16,France,33315,1886,33024,6417554,288367,6248154
2024-09-15,France,6151,773,6130,6423705,289140,6254284
2024-09-14,France,48159,1909,47720,6471864,291049,6302004
2024-09-13,France,25879,533,25801,6497743,291582,6327805
2024-09-12,France,22507,945,22294,6520250,292527,6350099
2024-09-11,France,24624,824,24465,6544874,293351,6374564
2024-09-10,France,10958,1177,10726,6555832,294528,6385290
2024-09-09,France,2673,1463,2301,6558505,295991,6387591
2024-09-08,France,41942,471,41569,6600447,296462,6429160
2024-09-07,France,45786,1049,45313,6646233,297511,6474473
2024-09-06,France,37880,130,37787,6684113,297641,6512260
2024-09-05,France,16930,1836,16699,6701043,299477,6528959
2024-09-04,France,15148,372,14870,6716191,299849,6543829
2024-09-03,France,19272,1647,18884,6735463,301496,6562713
2024-09-02,France,9261,933,8945,6744724,302429,6571658
2024-09-01,France,46290,46,46267,6791014,302475,6617925
2024-08-31,France,19460,1551,19123,6810474,304026,6637048
2024-08-30,France,30387,1722,30088,6840861,305748,6667136
2024-08-29,France,20743,1328,20653,6861604,307076,6687789
2024-08-28,France,30742,1693,30732,6892346,308769,6718521
2024-08-27,France,39103,1726,38838,6931449,310495,6757359
2024-08-26,France,31902,590,31659,6963351,311085,6789018
2024-08-25,France,4824,26,4601,6968175,311111,6793619
2024-08-24,France,2662,1632,2390,6970837,312743,6796009
2024-08-23,France,8129,917,8074,6978966,313660,6804083
2024-08-22,France,6203,1383,5943,6985169,315043,6810026
2024-08-21,France,45791,724,45508,7030960,315767,6855534
2024-08-20,France,12796,174,12341,7043756,315941,6867875
2024-08-19,France,15515,299,15418,7059271,316240,6883293
2024-08-18,France,34561,1657,34479,7093832,317897,6917772
2024-08-17,France,6131,30,5945,7099963,317927,6923717
2024-08-16,France,17249,518,17093,7117212,318445,6940810
2024-08-15,France,5576,1922,5529,7122788,320367,6946339
2024-08-14,France,39681,1982,39192,7162469,322349,6985531
2024-08-13,France,5238,1351,4760,7167707,323700,6990291
2024-08-12,France,37209,1236,37182,7204916,324936,7027473
2024-08-11,France,24367,235,24183,7229283,325171,7051656
2024-08-10,France,48743,1192,48442,7278026,326363,7100098
2024-08-09,France,38899,1147,38875,7316925,327510,7138973
2024-08-08,France,30561,1990,30243,7347486,329500,7169216
2024-08-07,France,33249,474,33061,7380735,329974,7202277
2024-08-06,France,12456,1978,12324,7393191,331952,7214601
2024-08-05,France,39084,1149,39004,7432275,333101,7253605
2024-08-04,France,25317,1928,25197,7457592,335029,7278802
2024-08-03,France,6407,1421,6066,7463999,336450,7284868
2024-08-02,France,11327,953,10952,7475326,337403,7295820
2024-08-01,France,12325,645,11933,7487651,338048,7307753
2024-07-31,France,7875,1558,7459,7495526,339606,7315212
2024-07-30,France,7526,279,7434,7503052,339885,7322646
2024-07-29,France,45990,881,45614,7549042,340766,7368260
2024-07-28,France,16131,1768,16057,7565173,342534,7384317
2024-07-27,France,27694,600,27512,7592867,343134,7411829
2024-07-26,France,20362,1461,20305,7613229,344595,7432134
2024-07-25,France,20151,1080,19998,7633380,345675,7452132
2024-07-24,France,40377,1910,40200,7673757,347585,7492332
2024-07-23,France,44894,1665,44759,7718651,349250,7537091
2024-07-22,France,10729,1006,10682,7729380,350256,7547773
2024-07-21,France,16117,1502,16013,7745497,351758,7563786
2024-07-20,France,7764,158,7607,7753261,351916,7571393
2024-07-19,France,38029,619,37930,7791290,352535,7609323
2024-07-18,France,20296,308,20200,7811586,352843,7629523
2024-07-17,France,36910,1343,36763,7848496,354186,7666286
2024-07-16,France,6595,264,6268,7855091,354450,7672554
2024-07-15,France,22332,1138,22283,7877423,355588,7694837
2024-07-14,France,30492,1471,30225,7907915,357059,7725062
2024-07-13,France,21972,1592,21541,7929887,358651,7746603
2024-07-12,France,31203,1952,31003,7961090,360603,7777606
2024-07-11,France,18394,1287,18389,7979484,361890,7795995
2024-07-10,France,29719,1683,29417,8009203,363573,7825412
2024-07-09,France,32626,1985,32266,8041829,365558,7857678
2024-07-08,France,14625,667,14276,8056454,366225,7871954
2024-07-07,France,19280,1308,18933,8075734,367533,7890887
2024-07-06,France,16356,1040,16328,8092090,368573,7907215
2024-07-05,France,32580,1760,32308,8124670,370333,7939523
2024-07-04,France,25933,1224,25571,8150603,371557,7965094
2024-07-03,France,13801,86,13500,8164404,371643,7978594
2024-07-02,France,33778,1127,33633,8198182,372770,8012227
2024-07-01,France,12737,960,12334,8210919,373730,8024561
2024-06-30,France,29990,1228,29956,8240909,374958,8054517
2024-06-29,France,26037,967,25989,8266946,375925,8080506
2024-06-28,France,8738,271,8611,8275684,376196,8089117
2024-06-27,France,14766,87,14403,8290450,376283,8103520
2024-06-26,France,2476,109,2364,8292926,376392,8105884
2024-06-25,France,8398,349,8363,8301324,376741,8114247
2024-06-24,France,31985,461,31582,8333309,377202,8145829
2024-06-23,France,31211,905,30877,8364520,378107,8176706
2024-06-22,France,30200,1078,29979,8394720,379185,8206685
2024-06-21,France,5485,1992,5274,8400205,381177,8211959
2024-06-20,France,29189,1073,28833,8429394,382250,8240792
2024-06-19,France,37464,470,37196,8466858,382720,8277988
2024-06-18,France,43735,1624,43664,8510593,384344,8321652
2024-06-17,France,19439,558,19361,8530032,384902,8341013
2024-06-16,France,7188,109,6821,8537220,385011,8347834
2024-06-15,France,6471,963,6385,8543691,385974,8354219
2024-06-14,France,47457,1040,47196,8591148,387014,8401415
2024-06-13,France,38751,1246,38294,8629899,388260,8439709
2024-06-12,France,26966,1724,26943,8656865,389984,8466652
2024-06-11,France,44441,1866,44019,8701306,391850,8510671
2024-06-10,France,23105,1371,22944,8724411,393221,8533615
2024-06-09,France,20520,1197,20364,8744931,394418,8553979
2024-06-08,France,30474,1522,30064,8775405,395940,8584043
2024-06-07,France,11177,88,10970,8786582,396028,8595013
2024-06-06,France,7452,736,7071,8794034,396764,8602084
2024-06-05,France,1057,577,755,8795091,397341,8602839
2024-06-04,France,8362,174,8150,8803453,397515,8610989
2024-06-03,France,34403,1879,34313,8837856,399394,8645302
2024-06-02,France,47467,1606,47101,8885323,401000,8692403
2024-06-01,France,49442,404,49132,8934765,401404,8741535
2024-05-31,France,47277,1231,47161,8982042,402635,8788696
2024-05-30,France,26109,1600,26100,9008151,404235,8814796
2024-05-29,France,30633,1426,30463,9038784,405661,8845259
2024-05-28,France,24700,77,24376,9063484,405738,8869635
2024-05-27,France,19423,1220,18952,9082907,406958,8888587
2024-05-26,France,32293,904,32123,9115200,407862,8920710
2024-05-25,France,46148,1195,46107,9161348,409057,8966817
2024-05-24,France,23522,806,23053,9184870,409863,8989870
2024-05-23,France,17823,1511,17810,9202693,411374,9007680
2024-05-22,France,14154,1848,13715,9216847,413222,9021395
2024-05-21,France,20066,376,19947,9236913,413598,9041342
2024-05-20,France,38472,1600,38377,9275385,415198,9079719
2024-05-19,France,1016,1911,772,9276401,417109,9080491
2024-05-18,France,46304,1267,46206,9322705,418376,9126697
2024-05-17,France,13924,753,13898,9336629,419129,9140595
2024-05-16,France,18242,131,17791,9354871,419260,9158386
2024-05-15,France,23675,848,23542,9378546,420108,9181928
2024-05-14,France,9475,1800,9388,9388021,421908,9191316
2024-05-13,France,43323,1603,43067,9431344,423511,9234383
2024-05-12,France,20183,599,20058,9451527,424110,9254441
2024-05-11,France,41448,1404,41277,9492975,425514,9295718
2024-05-10,France,48630,208,48344,9541605,425722,9344062
2024-05-09,France,24842,33,24693,9566447,425755,9368755
2024-05-08,France,19992,466,19509,9586439,426221,9388264
2024-05-07,France,21226,1550,20945,9607665,427771,9409209
2024-05-06,France,12408,1233,12278,9620073,429004,9421487
2024-05-05,France,19699,777,19692,9639772,429781,9441179
2024-05-04,France,36923,1179,36603,9676695,430960,9477782
2024-05-03,France,16024,675,15616,9692719,431635,9493398
2024-05-02,France,3129,947,2951,9695848,432582,9496349
2024-05-01,France,28767,1397,28389,9724615,433979,9524738
2024-04-30,France,29516,1184,29342,9754131,435163,9554080
2024-04-29,France,6343,1513,5947,9760474,436676,9560027
2024-04-28,France,13824,1555,13738,9774298,438231,9573765
2024-04-27,France,26124,119,25814,9800422,438350,9599579
2024-04-26,France,32657,1382,32175,9833079,439732,9631754
2024-04-25,France,26725,964,26621,9859804,440696,9658375
2024-04-24,France,41872,1552,41409,9901676,442248,9699784
2024-04-23,France,9016,327,8584,9910692,442575,9708368
2024-04-22,France,46499,1491,46395,9957191,444066,9754763
2024-04-21,France,40715,1609,40491,9997906,445675,9795254
2024-04-20,France,26494,1683,26139,10024400,447358,9821393
2024-04-19,France,45913,822,45877,10070313,448180,9867270
2024-04-18,France,28722,1531,28540,10099035,449711,9895810
2024-04-17,France,8101,952,7793,10107136,450663,9903603
2024-04-16,France,12962,1393,12625,10120098,452056,9916228
2024-04-15,France,13156,778,12763,10133254,452834,9928991
2024-04-14,France,30091,380,29659,10163345,453214,9958650
2024-04-13,France,29046,1198,29012,10192391,454412,9987662
2024-04-12,France,43184,1610,42761,10235575,456022,10030423
2024-04-11,France,41604,1394,41513,10277179,457416,10071936
2024-04-10,France,1515,525,1240,10278694,457941,10073176
2024-04-09,France,12721,1705,12269,10291415,459646,10085445
2024-04-08,France,7151,1498,6896,10298566,461144,10092341
2024-04-07,France,26432,85,26074,10324998,461229,10118415
2024-04-06,France,49136,1056,48834,10374134,462285,10167249
2024-04-05,France,6025,734,5581,10380159,463019,10172830
2024-04-04,France,43522,537,43420,10423681,463556,10216250
2024-04-03,France,20181,1906,20133,10443862,465462,10236383
2024-04-02,France,44497,1785,44240,10488359,467247,10280623
2024-04-01,France,16940,269,16497,10505299,467516,10297120
2024-03-31,France,1923,1946,1755,10507222,469462,10298875
2024-03-30,France,44004,464,43716,10551226,469926,10342591
2024-03-29,France,37735,1066,37290,10588961,470992,10379881
2024-03-28,France,46244,466,46119,10635205,471458,10426000
2024-03-27,France,8943,1438,8681,10644148,472896,10434681
2024-03-26,France,10265,1225,10064,10654413,474121,10444745
2024-03-25,France,30438,1108,30203,10684851,475229,10474948
2024-03-24,France,47891,1276,47686,10732742,476505,10522634
2024-03-23,France,4725,127,4548,10737467,476632,10527182
2024-03-22,France,28772,317,28291,10766239,476949,10555473
2024-03-21,France,33990,612,33532,10800229,477561,10589005
2024-03-20,France,35601,848,35351,10835830,478409,10624356
2024-03-19,France,18322,1241,17904,10854152,479650,10642260
2024-03-18,France,43569,1337,43547,10897721,480987,10685807
2024-03-17,France,2137,1449,1884,10899858,482436,10687691
2024-03-16,France,40051,1072,39884,10939909,483508,10727575
2024-03-15,France,41869,874,41528,10981778,484382,10769103
2024-03-14,France,37242,262,37231,11019020,484644,10806334
2024-03-13,France,38811,671,38409,11057831,485315,10844743
2024-03-12,France,23492,1212,23004,11081323,486527,10867747
2024-03-11,France,32632,921,32201,11113955,487448,10899948
2024-03-10,France,24606,800,24204,11138561,488248,10924152
2025-03-09,Italy,35217,36,35147,12983621,386131,12597456
2025-03-08,Italy,28028,703,27860,13011649,386834,12625316
2025-03-07,Italy,11718,1228,11606,13023367,388062,12636922
2025-03-06,Italy,16275,860,15847,13039642,388922,12652769
2025-03-05,Italy,49552,1671,49249,13089194,390593,12702018
2025-03-04,Italy,45379,654,45148,13134573,391247,12747166
2025-03-03,Italy,43040,304,42594,13177613,391551,12789760
2025-03-02,Italy,7240,547,7082,13184853,392098,12796842
2025-03-01,Italy,34849,1953,34442,13219702,394051,12831284
2025-02-28,Italy,27068,1584,26737,13246770,395635,12858021
2025-02-27,Italy,6842,1868,6386,13253612,397503,12864407
2025-02-26,Italy,4036,787,4023,13257648,398290,12868430
2025-02-25,Italy,26646,1714,26215,13284294,400004,12894645
2025-02-24,Italy,36624,1620,36320,13320918,401624,12930965
2025-02-23,Italy,48050,1309,48043,13368968,402933,12979008
2025-02-22,Italy,961,889,827,13369929,403822,12979835
2025-02-21,Italy,38256,1006,37804,13408185,404828,13017639
2025-02-20,Italy,42451,1322,42316,13450636,406150,13059955
2025-02-19,Italy,40592,1275,40460,13491228,407425,13100415
2025-02-18,Italy,29973,1966,29594,13521201,409391,13130009
2025-02-17,Italy,35679,44,35289,13556880,409435,13165298
2025-02-16,Italy,44336,672,44193,13601216,410107,13209491
2025-02-15,Italy,3572,1851,3308,13604788,411958,13212799
2025-02-14,Italy,46433,1157,46124,13651221,413115,13258923
2025-02-13,Italy,26833,1846,26779,13678054,414961,13285702
2025-02-12,Italy,4813,89,4705,13682867,415050,13290407
2025-02-11,Italy,19286,291,19238,13702153,415341,13309645
2025-02-10,Italy,3775,1025,3283,13705928,416366,13312928
2025-02-09,Italy,40640,1444,40587,13746568,417810,13353515
2025-02-08,Italy,17355,666,17007,13763923,418476,13370522
2025-02-07,Italy,12150,1858,12031,13776073,420334,13382553
2025-02-06,Italy,1107,892,1033,13777180,421226,13383586
2025-02-05,Italy,2650,1565,2552,13779830,422791,13386138
2025-02-04,Italy,35474,1548,35131,13815304,424339,13421269
2025-02-03,Italy,38306,269,38247,13853610,424608,13459516
2025-02-02,Italy,27929,872,27656,13881539,425480,13487172
2025-02-01,Italy,15242,1260,14849,13896781,426740,13502021
2025-01-31,Italy,45593,1214,45558,13942374,427954,13547579
2025-01-30,Italy,14873,1704,14525,13957247,429658,13562104
2025-01-29,Italy,18539,791,18515,13975786,430449,13580619
2025-01-28,Italy,13363,1613,13156,13989149,432062,13593775
2025-01-27,Italy,14537,1046,14408,14003686,433108,13608183
2025-01-26,Italy,26303,55,25846,14029989,433163,13634029
2025-01-25,Italy,13031,491,13008,14043020,433654,13647037
2025-01-24,Italy,19293,1749,18843,14062313,435403,13665880
2025-01-23,Italy,19662,1827,19321,14081975,437230,13685201
2025-01-22,Italy,42739,1118,42450,14124714,438348,13727651
2025-01-21,Italy,45345,478,45215,14170059,438826,13772866
2025-01-20,Italy,703,1233,544,14170762,440059,13773410
2025-01-19,Italy,37553,1502,37192,14208315,441561,13810602
2025-01-18,Italy,17288,1457,16854,14225603,443018,13827456
2025-01-17,Italy,21572,590,21223,14247175,443608,13848679
2025-01-16,Italy,30176,549,29695,14277351,444157,13878374
2025-01-15,Italy,18154,752,18134,14295505,444909,13896508
2025-01-14,Italy,39064,201,38847,14334569,445110,13935355
2025-01-13,Italy,11714,209,11296,14346283,445319,13946651
2025-01-12,Italy,47066,1771,46927,14393349,447090,13993578
2025-01-11,Italy,8191,1722,7749,14401540,448812,14001327
2025-01-10,Italy,35200,833,34704,14436740,449645,14036031
2025-01-09,Italy,36728,1901,36364,14473468,451546,14072395
2025-01-08,Italy,47924,1569,47619,14521392,453115,14120014
2025-01-07,Italy,10414,431,10268,14531806,453546,14130282
2025-01-06,Italy,18243,713,18066,14550049,454259,14148348
2025-01-05,Italy,3167,1621,2730,14553216,455880,14151078
2025-01-04,Italy,38357,859,38025,14591573,456739,14189103
2025-01-03,Italy,32608,1216,32453,14624181,457955,14221556
2025-01-02,Italy,24894,136,24637,14649075,458091,14246193
2025-01-01,Italy,33223,1697,32754,14682298,459788,14278947
2024-12-31,Italy,18455,13,18025,14700753,459801,14296972
2024-12-30,Italy,48614,735,48300,14749367,460536,14345272
2024-12-29,Italy,37395,1712,37019,14786762,462248,14382291
2024-12-28,Italy,36386,1932,35912,14823148,464180,14418203
2024-12-27,Italy,23775,583,23726,14846923,464763,14441929
2024-12-26,Italy,48886,1666,48515,14895809,466429,14490444
2024-12-25,Italy,4766,1858,4405,14900575,468287,14494849
2024-12-24,Italy,48713,594,48514,14949288,468881,14543363
2024-12-23,Italy,26334,1500,26009,14975622,470381,14569372
2024-12-22,Italy,15521,452,15403,14991143,470833,14584775
2024-12-21,Italy,39452,1946,39035,15030595,472779,14623810
2024-12-20,Italy,29906,101,29630,15060501,472880,14653440
2024-12-19,Italy,40415,1952,40020,15100916,474832,14693460
2024-12-18,Italy,13720,151,13515,15114636,474983,14706975
2024-12-17,Italy,18971,1038,18554,15133607,476021,14725529
2024-12-16,Italy,8891,913,8510,15142498,476934,14734039
2024-12-15,Italy,41400,361,41269,15183898,477295,14775308
2024-12-14,Italy,48580,522,48101,15232478,477817,14823409
2024-12-13,Italy,25220,1687,24839,15257698,479504,14848248
2024-12-12,Italy,5919,791,5862,15263617,480295,14854110
2024-12-11,Italy,5640,686,5558,15269257,480981,14859668
2024-12-10,Italy,8648,1822,8506,15277905,482803,14868174
2024-12-09,Italy,2115,1198,2072,15280020,484001,14870246
2024-12-08,Italy,46722,1839,46593,15326742,485840,14916839
2024-12-07,Italy,13318,1311,13192,15340060,487151,14930031
2024-12-06,Italy,1555,1899,1275,15341615,489050,14931306
2024-12-05,Italy,13318,1675,13179,15354933,490725,14944485
2024-12-04,Italy,10448,419,10235,15365381,491144,14954720
2024-12-03,Italy,31966,399,31802,15397347,491543,14986522
2024-12-02,Italy,6969,1417,6933,15404316,492960,14993455
2024-12-01,Italy,5753,1184,5601,15410069,494144,14999056
2024-11-30,Italy,2741,444,2721,15412810,494588,15001777
2024-11-29,Italy,37532,1950,37450,15450342,496538,15039227
2024-11-28,Italy,26723,390,26427,15477065,496928,15065654
2024-11-27,Italy,24665,453,24642,15501730,497381,15090296
2024-11-26,Italy,16521,664,16441,15518251,498045,15106737
2024-11-25,Italy,38530,216,38242,15556781,498261,15144979
2024-11-24,Italy,45714,782,45694,15602495,499043,15190673
2024-11-23,Italy,11524,880,11033,15614019,499923,15201706
2024-11-22,Italy,15884,1770,15392,15629903,501693,15217098
2024-11-21,Italy,48866,1989,48718,15678769,503682,15265816
2024-11-20,Italy,5819,1895,5704,15684588,505577,15271520
2024-11-19,Italy,3173,235,2739,15687761,505812,15274259
2024-11-18,Italy,16298,1426,16151,15704059,507238,15290410
2024-11-17,Italy,22353,1626,22278,15726412,508864,15312688
2024-11-16,Italy,48464,1839,48404,15774876,510703,15361092
2024-11-15,Italy,33428,294,33395,15808304,510997,15394487
2024-11-14,Italy,41855,1445,41467,15850159,512442,15435954
2024-11-13,Italy,32103,283,31928,15882262,512725,15467882
2024-11-12,Italy,778,1435,585,15883040,514160,15468467
2024-11-11,Italy,31669,945,31233,15914709,515105,15499700
2024-11-10,Italy,43425,1019,43020,15958134,516124,15542720
2024-11-09,Italy,39054,974,38987,15997188,517098,15581707
2024-11-08,Italy,22235,133,21901,16019423,517231,15603608
2024-11-07,Italy,4256,136,4095,16023679,517367,15607703
2024-11-06,Italy,35627,629,35158,16059306,517996,15642861
2024-11-05,Italy,2403,700,1938,16061709,518696,15644799
2024-11-04,Italy,11596,1118,11135,16073305,519814,15655934
2024-11-03,Italy,48143,973,48012,16121448,520787,15703946
2024-11-02,Italy,46538,58,46248,16167986,520845,15750194
2024-11-01,Italy,14719,1202,14555,16182705,522047,15764749
2024-10-31,Italy,27520,648,27282,16210225,522695,15792031
2024-10-30,Italy,1068,955,673,16211293,523650,15792704
2024-10-29,Italy,19896,1837,19598,16231189,525487,15812302
2024-10-28,Italy,17811,103,17492,16249000,525590,15829794
2024-10-27,Italy,8524,904,8242,16257524,526494,15838036
2024-10-26,Italy,9789,1070,9376,16267313,527564,15847412
2024-10-25,Italy,25219,1953,25170,16292532,529517,15872582
2024-10-24,Italy,24597,562,24344,16317129,530079,15896926
2024-10-23,Italy,4048,1323,3859,16321177,531402,15900785
2024-10-22,Italy,21173,314,20757,16342350,531716,15921542
2024-10-21,Italy,885,1563,415,16343235,533279,15921957
2024-10-20,Italy,25066,178,24789,16368301,533457,15946746
2024-10-19,Italy,3226,1694,3098,16371527,535151,15949844
2024-10-18,Italy,48285,541,48179,16419812,535692,15998023
2024-10-17,Italy,8252,1419,7817,16428064,537111,16005840
2024-10-16,Italy,41060,804,40754,16469124,537915,16046594
2024-10-15,Italy,49170,1327,48737,16518294,539242,16095331
2024-10-14,Italy,7990,1206,7857,16526284,540448,16103188
2024-10-13,Italy,1914,195,1887,16528198,540643,16105075
2024-10-12,Italy,6557,589,6113,16534755,541232,16111188
2024-10-11,Italy,18015,33,17894,16552770,541265,16129082
2024-10-10,Italy,4881,1945,4566,16557651,543210,16133648
2024-10-09,Italy,34123,1125,33641,16591774,544335,16167289
2024-10-08,Italy,14340,1502,14278,16606114,545837,16181567
2024-10-07,Italy,27726,542,27378,16633840,546379,16208945
2024-10-06,Italy,24975,339,24712,16658815,546718,16233657
2024-10-05,Italy,38340,858,38270,16697155,547576,16271927
2024-10-04,Italy,40470,831,39989,16737625,548407,16311916
2024-10-03,Italy,12756,1596,12417,16750381,550003,16324333
2024-10-02,Italy,41448,1480,41436,16791829,551483,16365769
2024-10-01,Italy,28446,1760,28052,16820275,553243,16393821
2024-09-30,Italy,25737,1960,25479,16846012,555203,16419300
2024-09-29,Italy,12904,1380,12600,16858916,556583,16431900
2024-09-28,Italy,21239,1402,21035,16880155,557985,16452935
2024-09-27,Italy,20400,1876,20275,16900555,559861,16473210
2024-09-26,Italy,16160,1159,15802,16916715,561020,16489012
2024-09-25,Italy,36469,631,36365,16953184,561651,16525377
2024-09-24,Italy,4772,1634,4668,16957956,563285,16530045
2024-09-23,Italy,28179,1800,27686,16986135,565085,16557731
2024-09-22,Italy,42470,1034,42343,17028605,566119,16600074
2024-09-21,Italy,14931,1527,14452,17043536,567646,16614526
2024-09-20,Italy,33115,566,32738,17076651,568212,16647264
2024-09-19,Italy,40046,649,39588,17116697,568861,16686852
2024-09-18,Italy,10337,500,10276,17127034,569361,16697128
2024-09-17,Italy,17075,1257,16930,17144109,570618,16714058
2024-09-16,Italy,33229,230,32942,17177338,570848,16747000
2024-09-15,Italy,36970,73,36549,17214308,570921,16783549
2024-09-14,Italy,16488,928,16174,17230796,571849,16799723
2024-09-13,Italy,33700,456,33276,17264496,572305,16832999
2024-09-12,Italy,6214,1857,6166,17270710,574162,16839165
2024-09-11,Italy,4064,1954,3960,17274774,576116,16843125
2024-09-10,Italy,49341,1739,49290,17324115,577855,16892415
2024-09-09,Italy,45282,1648,45244,17369397,579503,16937659
2024-09-08,Italy,34199,752,34066,17403596,580255,16971725
2024-09-07,Italy,18647,1879,18488,17422243,582134,16990213
2024-09-06,Italy,7551,1382,7209,17429794,583516,16997422
2024-09-05,Italy,16442,1555,16124,17446236,585071,17013546
2024-09-04,Italy,42937,1394,42632,17489173,586465,17056178
2024-09-03,Italy,2943,1269,2808,17492116,587734,17058986
2024-09-02,Italy,1786,27,1674,17493902,587761,17060660
2024-09-01,Italy,11209,1019,10972,17505111,588780,17071632
2024-08-31,Italy,7434,1367,6944,17512545,590147,17078576
2024-08-30,Italy,4741,633,4527,17517286,590780,17083103
2024-08-29,Italy,16698,1679,16364,17533984,592459,17099467
2024-08-28,Italy,33353,157,32902,17567337,592616,17132369
2024-08-27,Italy,26918,763,26598,17594255,593379,17158967
2024-08-26,Italy,23329,302,22978,17617584,593681,17181945
2024-08-25,Italy,6624,301,6202,17624208,593982,17188147
2024-08-24,Italy,42412,287,42301,17666620,594269,17230448
2024-08-23,Italy,45741,1673,45683,17712361,595942,17276131
2024-08-22,Italy,29276,344,28787,17741637,596286,17304918
2024-08-21,Italy,42768,208,42634,17784405,596494,17347552
2024-08-20,Italy,44588,585,44183,17828993,597079,17391735
2024-08-19,Italy,10654,1645,10168,17839647,598724,17401903
2024-08-18,Italy,15265,1944,14841,17854912,600668,17416744
2024-08-17,Italy,40326,889,40122,17895238,601557,17456866
2024-08-16,Italy,21844,136,21667,17917082,601693,17478533
2024-08-15,Italy,19712,1420,19291,17936794,603113,17497824
2024-08-14,Italy,39971,1664,39966,17976765,604777,17537790
2024-08-13,Italy,4456,381,4328,17981221,605158,17542118
2024-08-12,Italy,42127,1515,41933,18023348,606673,17584051
2024-08-11,Italy,2645,1730,2396,18025993,608403,17586447
2024-08-10,Italy,17452,1720,17170,18043445,610123,17603617
2024-08-09,Italy,9256,1634,9161,18052701,611757,17612778
2024-08-08,Italy,18056,1352,17557,18070757,613109,17630335
2024-08-07,Italy,44962,868,44761,18115719,613977,17675096
2024-08-06,Italy,41305,395,41218,18157024,614372,17716314
2024-08-05,Italy,18933,327,18833,18175957,614699,17735147
2024-08-04,Italy,5848,1036,5610,18181805,615735,17740757
2024-08-03,Italy,44110,745,43862,18225915,616480,17784619
2024-08-02,Italy,35977,534,35650,18261892,617014,17820269
2024-08-01,Italy,44421,55,44280,18306313,617069,17864549
2024-07-31,Italy,37567,816,37142,18343880,617885,17901691
2024-07-30,Italy,30932,1961,30460,18374812,619846,17932151
2024-07-29,Italy,11472,986,11407,18386284,620832,17943558
2024-07-28,Italy,47775,376,47598,18434059,621208,17991156
2024-07-27,Italy,43958,1697,43671,18478017,622905,18034827
2024-07-26,Italy,31913,620,31466,18509930,623525,18066293
2024-07-25,Italy,33987,1306,33614,18543917,624831,18099907
2024-07-24,Italy,18032,509,17647,18561949,625340,18117554
2024-07-23,Italy,30413,1547,30277,18592362,626887,18147831
2024-07-22,Italy,45886,282,45697,18638248,627169,18193528
2024-07-21,Italy,34147,1640,33896,18672395,628809,18227424
2024-07-20,Italy,33885,309,33753,18706280,629118,18261177
2024-07-19,Italy,45002,1453,44673,18751282,630571,18305850
2024-07-18,Italy,1115,232,680,18752397,630803,18306530
2024-07-17,Italy,12042,1263,11708,18764439,632066,18318238
2024-07-16,Italy,3298,795,3218,18767737,632861,18321456
2024-07-15,Italy,4353,176,4345,18772090,633037,18325801
2024-07-14,Italy,45413,1519,45339,18817503,634556,18371140
2024-07-13,Italy,6681,909,6590,18824184,635465,18377730
2024-07-12,Italy,22552,536,22497,18846736,636001,18400227
2024-07-11,Italy,31938,1429,31544,18878674,637430,18431771
2024-07-10,Italy,20664,1491,20619,18899338,638921,18452390
2024-07-09,Italy,40189,583,39831,18939527,639504,18492221
2024-07-08,Italy,8186,1760,7764,18947713,641264,18499985
2024-07-07,Italy,26353,1439,26312,18974066,642703,18526297
2024-07-06,Italy,15354,505,15335,18989420,643208,18541632
2024-07-05,Italy,618,1571,451,18990038,644779,18542083
2024-07-04,Italy,27768,975,27636,19017806,645754,18569719
2024-07-03,Italy,11212,967,10837,19029018,646721,18580556
2024-07-02,Italy,8769,530,8510,19037787,647251,18589066
2024-07-01,Italy,20854,816,20480,19058641,648067,18609546
2024-06-30,Italy,24657,669,24261,19083298,648736,18633807
2024-06-29,Italy,9546,1333,9311,19092844,650069,18643118
2024-06-28,Italy,16216,941,15888,19109060,651010,18659006
2024-06-27,Italy,25414,950,25100,19134474,651960,18684106
2024-06-26,Italy,28474,856,28393,19162948,652816,18712499
2024-06-25,Italy,10659,1713,10346,19173607,654529,18722845
2024-06-24,Italy,18740,1010,18499,19192347,655539,18741344
2024-06-23,Italy,4429,198,4078,19196776,655737,18745422
2024-06-22,Italy,38008,1961,37823,19234784,657698,18783245
2024-06-21,Italy,33002,851,32739,19267786,658549,18815984
2024-06-20,Italy,13279,982,13124,19281065,659531,18829108
2024-06-19,Italy,49226,743,49043,19330291,660274,18878151
2024-06-18,Italy,36102,1790,35634,19366393,662064,18913785
2024-06-17,Italy,46118,1138,46055,19412511,663202,18959840
2024-06-16,Italy,49034,1771,48891,19461545,664973,19008731
2024-06-15,Italy,41649,1462,41495,19503194,666435,19050226
2024-06-14,Italy,12664,803,12279,19515858,667238,19062505
2024-06-13,Italy,10808,130,10498,19526666,667368,19073003
2024-06-12,Italy,3786,1947,3455,19530452,669315,19076458
2024-06-11,Italy,1504,1709,1450,19531956,671024,19077908
2024-06-10,Italy,3204,469,2785,19535160,671493,19080693
2024-06-09,Italy,30366,1711,29916,19565526,673204,19110609
2024-06-08,Italy,14527,16,14207,19580053,673220,19124816
2024-06-07,Italy,41760,684,41480,19621813,673904,19166296
2024-06-06,Italy,12125,1766,11702,19633938,675670,19177998
2024-06-05,Italy,11108,1705,10855,19645046,677375,19188853
2024-06-04,Italy,8530,622,8427,19653576,677997,19197280
2024-06-03,Italy,35159,117,34821,19688735,678114,19232101
2024-06-02,Italy,8983,388,8819,19697718,678502,19240920
2024-06-01,Italy,31070,230,30635,19728788,678732,19271555
2024-05-31,Italy,3395,1122,3272,19732183,679854,19274827
2024-05-30,Italy,48917,430,48653,19781100,680284,19323480
2024-05-29,Italy,20780,1078,20725,19801880,681362,19344205
2024-05-28,Italy,34359,950,33904,19836239,682312,19378109
2024-05-27,Italy,49235,916,49124,19885474,683228,19427233
2024-05-26,Italy,21987,709,21835,19907461,683937,19449068
2024-05-25,Italy,44801,96,44590,19952262,684033,19493658
2024-05-24,Italy,21479,1416,21116,19973741,685449,19514774
2024-05-23,Italy,39399,1628,39356,20013140,687077,19554130
2024-05-22,Italy,47868,466,47560,20061008,687543,19601690
2024-05-21,Italy,20482,942,20333,20081490,688485,19622023
2024-05-20,Italy,47385,1295,46914,20128875,689780,19668937
2024-05-19,Italy,18103,1301,17886,20146978,691081,19686823
2024-05-18,Italy,11367,789,11180,20158345,691870,19698003
2024-05-17,Italy,3855,1979,3526,20162200,693849,19701529
2024-05-16,Italy,4762,475,4269,20166962,694324,19705798
2024-05-15,Italy,9181,1644,9099,20176143,695968,19714897
2024-05-14,Italy,48743,1947,48454,20224886,697915,19763351
2024-05-13,Italy,48180,71,48130,20273066,697986,19811481
2024-05-12,Italy,12847,1894,12745,20285913,699880,19824226
2024-05-11,Italy,14899,1704,14604,20300812,701584,19838830
2024-05-10,Italy,33913,826,33629,20334725,702410,19872459
2024-05-09,Italy,29887,124,29444,20364612,702534,19901903
2024-05-08,Italy,24858,1376,24479,20389470,703910,19926382
2024-05-07,Italy,16474,755,16264,20405944,704665,19942646
2024-05-06,Italy,14395,551,14058,20420339,705216,19956704
2024-05-05,Italy,2698,1126,2375,20423037,706342,19959079
2024-05-04,Italy,41396,1761,41065,20464433,708103,20000144
2024-05-03,Italy,8696,832,8301,20473129,708935,20008445
2024-05-02,Italy,23437,800,23053,20496566,709735,20031498
2024-05-01,Italy,22064,1231,21991,20518630,710966,20053489
2024-04-30,Italy,20992,29,20895,20539622,710995,20074384
2024-04-29,Italy,41809,930,41764,20581431,711925,20116148
2024-04-28,Italy,28102,1778,28033,20609533,713703,20144181
2024-04-27,Italy,6671,993,6174,20616204,714696,20150355
2024-04-26,Italy,34291,992,34158,20650495,715688,20184513
2024-04-25,Italy,10039,131,9616,20660534,715819,20194129
2024-04-24,Italy,766,1275,472,20661300,717094,20194601
2024-04-23,Italy,17396,408,17289,20678696,717502,20211890
2024-04-22,Italy,15638,479,15569,20694334,717981,20227459
2024-04-21,Italy,4806,338,4791,20699140,718319,20232250
2024-04-20,Italy,40518,314,40427,20739658,718633,20272677
2024-04-19,Italy,3386,981,3297,20743044,719614,20275974
2024-04-18,Italy,41174,41,40857,20784218,719655,20316831
2024-04-17,Italy,18804,372,18763,20803022,720027,20335594
2024-04-16,Italy,15406,1959,15368,20818428,721986,20350962
2024-04-15,Italy,37866,49,37432,20856294,722035,20388394
2024-04-14,Italy,10696,1401,10279,20866990,723436,20398673
2024-04-13,Italy,3102,103,2962,20870092,723539,20401635
2024-04-12,Italy,20681,1439,20553,20890773,724978,20422188
2024-04-11,Italy,24526,1032,24066,20915299,726010,20446254
2024-04-10,Italy,41307,311,41182,20956606,726321,20487436
2024-04-09,Italy,43755,219,43340,21000361,726540,20530776
2024-04-08,Italy,30735,1551,30618,21031096,728091,20561394
2024-04-07,Italy,48394,595,48217,21079490,728686,20609611
2024-04-06,Italy,22252,1307,21837,21101742,729993,20631448
2024-04-05,Italy,45520,1691,45485,21147262,731684,20676933
2024-04-04,Italy,43210,493,43056,21190472,732177,20719989
2024-04-03,Italy,33099,1959,32930,21223571,734136,20752919
2024-04-02,Italy,1789,1259,1685,21225360,735395,20754604
2024-04-01,Italy,976,1875,528,21226336,737270,20755132
2024-03-31,Italy,2807,937,2580,21229143,738207,20757712
2024-03-30,Italy,17991,1559,17869,21247134,739766,20775581
2024-03-29,Italy,1999,1081,1828,21249133,740847,20777409
2024-03-28,Italy,45262,1002,45208,21294395,741849,20822617
2024-03-27,Italy,49378,1762,48956,21343773,743611,20871573
2024-03-26,Italy,11895,728,11494,21355668,744339,20883067
2024-03-25,Italy,47413,1325,47207,21403081,745664,20930274
2024-03-24,Italy,22256,33,21891,21425337,745697,20952165
2024-03-23,Italy,31883,1205,31710,21457220,746902,20983875
2024-03-22,Italy,5955,1838,5665,21463175,748740,20989540
2024-03-21,Italy,46673,1698,46610,21509848,750438,21036150
2024-03-20,Italy,30820,1364,30387,21540668,751802,21066537
2024-03-19,Italy,10310,1149,9844,21550978,752951,21076381
2024-03-18,Italy,8788,1174,8551,21559766,754125,21084932
2024-03-17,Italy,18776,960,18756,21578542,755085,21103688
2024-03-16,Italy,8220,1393,8051,21586762,756478,21111739
2024-03-15,Italy,37551,1265,37360,21624313,757743,21149099
2024-03-14,Italy,2645,534,2280,21626958,758277,21151379
2024-03-13,Italy,29248,787,29112,21656206,759064,21180491
2024-03-12,Italy,29886,314,29616,21686092,759378,21210107
2024-03-11,Italy,28204,1690,27911,21714296,761068,21238018
2024-03-10,Italy,42587,706,42407,21756883,761774,21280425
2025-03-09,Spain,48435,148,48326,2936536,226655,2709920
2025-03-08,Spain,46034,1351,45835,2982570,228006,2755755
2025-03-07,Spain,48118,1853,47727,3030688,229859,2803482
2025-03-06,Spain,25953,1975,25679,3056641,231834,2829161
2025-03-05,Spain,19910,1439,19780,3076551,233273,2848941
2025-03-04,Spain,5646,781,5355,3082197,234054,2854296
2025-03-03,Spain,7514,736,7026,3089711,234790,2861322
2025-03-02,Spain,37272,1882,37060,3126983,236672,2898382
2025-03-01,Spain,10327,325,10282,3137310,236997,2908664
2025-02-28,Spain,27571,1699,27481,3164881,238696,2936145
2025-02-27,Spain,15769,605,15336,3180650,239301,2951481
2025-02-26,Spain,16281,874,15827,3196931,240175,2967308
2025-02-25,Spain,35972,627,35830,3232903,240802,3003138
2025-02-24,Spain,945,1750,452,3233848,242552,3003590
2025-02-23,Spain,32114,1666,31665,3265962,244218,3035255
2025-02-22,Spain,22318,122,22021,3288280,244340,3057276
2025-02-21,Spain,19804,117,19455,3308084,244457,3076731
2025-02-20,Spain,35667,1375,35640,3343751,245832,3112371
2025-02-19,Spain,19226,102,18902,3362977,245934,3131273
2025-02-18,Spain,749,302,709,3363726,246236,3131982
2025-02-17,Spain,21592,1498,21445,3385318,247734,3153427
2025-02-16,Spain,28884,242,28816,3414202,247976,3182243
2025-02-15,Spain,35341,1610,35246,3449543,249586,3217489
2025-02-14,Spain,42330,1317,41905,3491873,250903,3259394
2025-02-13,Spain,35282,1808,34885,3527155,252711,3294279
2025-02-12,Spain,7439,1571,6950,3534594,254282,3301229
2025-02-11,Spain,40854,1998,40450,3575448,256280,3341679
2025-02-10,Spain,16936,380,16822,3592384,256660,3358501
2025-02-09,Spain,26951,204,26508,3619335,256864,3385009
2025-02-08,Spain,38338,259,38115,3657673,257123,3423124
2025-02-07,Spain,43427,1535,43215,3701100,258658,3466339
2025-02-06,Spain,29836,1418,29557,3730936,260076,3495896
2025-02-05,Spain,42504,1727,42049,3773440,261803,3537945
2025-02-04,Spain,18073,532,17836,3791513,262335,3555781
2025-02-03,Spain,18007,1859,17692,3809520,264194,3573473
2025-02-02,Spain,49227,1565,49073,3858747,265759,3622546
2025-02-01,Spain,41276,1346,41130,3900023,267105,3663676
2025-01-31,Spain,46451,584,45977,3946474,267689,3709653
2025-01-30,Spain,38696,1059,38480,3985170,268748,3748133
2025-01-29,Spain,41058,1728,40993,4026228,270476,3789126
2025-01-28,Spain,43750,250,43382,4069978,270726,3832508
2025-01-27,Spain,37208,1710,36901,4107186,272436,3869409
2025-01-26,Spain,8848,1801,8518,4116034,274237,3877927
2025-01-25,Spain,40141,1691,40077,4156175,275928,3918004
2025-01-24,Spain,38349,239,38206,4194524,276167,3956210
2025-01-23,Spain,9645,1442,9376,4204169,277609,3965586
2025-01-22,Spain,48777,821,48501,4252946,278430,4014087
2025-01-21,Spain,820,729,678,4253766,279159,4014765
2025-01-20,Spain,10631,266,10394,4264397,279425,4025159
2025-01-19,Spain,35167,1099,34953,4299564,280524,4060112
2025-01-18,Spain,893,43,412,4300457,280567,4060524
2025-01-17,Spain,2098,1093,2020,4302555,281660,4062544
2025-01-16,Spain,39723,391,39510,4342278,282051,4102054
2025-01-15,Spain,43090,506,42932,4385368,282557,4144986
2025-01-14,Spain,12913,564,12821,4398281,283121,4157807
2025-01-13,Spain,30062,1375,29995,4428343,284496,4187802
2025-01-12,Spain,34097,720,33718,4462440,285216,4221520
2025-01-11,Spain,2035,242,1773,4464475,285458,4223293
2025-01-10,Spain,27722,233,27253,4492197,285691,4250546
2025-01-09,Spain,14467,1024,14120,4506664,286715,4264666
2025-01-08,Spain,46374,1615,46093,4553038,288330,4310759
2025-01-07,Spain,13355,1339,13116,4566393,289669,4323875
2025-01-06,Spain,33293,660,33008,4599686,290329,4356883
2025-01-05,Spain,15624,128,15544,4615310,290457,4372427
2025-01-04,Spain,28652,423,28477,4643962,290880,4400904
2025-01-03,Spain,8046,1982,7625,4652008,292862,4408529
2025-01-02,Spain,43600,1843,43345,4695608,294705,4451874
2025-01-01,Spain,19488,1333,19311,4715096,296038,4471185
2024-12-31,Spain,21121,1413,20845,4736217,297451,4492030
2024-12-30,Spain,20720,59,20673,4756937,297510,4512703
2024-12-29,Spain,2735,1096,2669,4759672,298606,4515372
2024-12-28,Spain,31239,1772,30962,4790911,300378,4546334
2024-12-27,Spain,11010,738,10972,4801921,301116,4557306
2024-12-26,Spain,27846,1319,27698,4829767,302435,4585004
2024-12-25,Spain,36503,62,36347,4866270,302497,4621351
2024-12-24,Spain,34207,1497,34035,4900477,303994,4655386
2024-12-23,Spain,2514,1110,2269,4902991,305104,4657655
2024-12-22,Spain,29107,697,29047,4932098,305801,4686702
2024-12-21,Spain,6886,418,6551,4938984,306219,4693253
2024-12-20,Spain,35719,1842,35262,4974703,308061,4728515
2024-12-19,Spain,36744,1493,36651,5011447,309554,4765166
2024-12-18,Spain,30902,292,30708,5042349,309846,4795874
2024-12-17,Spain,7691,760,7677,5050040,310606,4803551
2024-12-16,Spain,8086,46,7587,5058126,310652,4811138
2024-12-15,Spain,48825,444,48338,5106951,311096,4859476
2024-12-14,Spain,3159,1002,2737,5110110,312098,4862213
2024-12-13,Spain,19286,1082,18801,5129396,313180,4881014
2024-12-12,Spain,18561,953,18250,5147957,314133,4899264
2024-12-11,Spain,25958,1176,25763,5173915,315309,4925027
2024-12-10,Spain,26745,731,26325,5200660,316040,4951352
2024-12-09,Spain,19740,1105,19512,5220400,317145,4970864
2024-12-08,Spain,12492,438,12101,5232892,317583,4982965
2024-12-07,Spain,6772,834,6317,5239664,318417,4989282
2024-12-06,Spain,20530,861,20426,5260194,319278,5009708
2024-12-05,Spain,10880,1042,10559,5271074,320320,5020267
2024-12-04,Spain,26872,1531,26433,5297946,321851,5046700
2024-12-03,Spain,42246,1213,41916,5340192,323064,5088616
2024-12-02,Spain,16511,478,16185,5356703,323542,5104801
2024-12-01,Spain,27880,915,27731,5384583,324457,5132532
2024-11-30,Spain,38791,1110,38525,5423374,325567,5171057
2024-11-29,Spain,33889,95,33405,5457263,325662,5204462
2024-11-28,Spain,31833,1772,31431,5489096,327434,5235893
2024-11-27,Spain,28554,1394,28274,5517650,328828,5264167
2024-11-26,Spain,33343,1367,32848,5550993,330195,5297015
2024-11-25,Spain,30937,1674,30886,5581930,331869,5327901
2024-11-24,Spain,34634,1854,34616,5616564,333723,5362517
2024-11-23,Spain,9245,1655,8821,5625809,335378,5371338
2024-11-22,Spain,12295,1812,12223,5638104,337190,5383561
2024-11-21,Spain,26896,763,26549,5665000,337953,5410110
2024-11-20,Spain,39201,1629,39010,5704201,339582,5449120
2024-11-19,Spain,14658,1182,14608,5718859,340764,5463728
2024-11-18,Spain,12409,556,12311,5731268,341320,5476039
2024-11-17,Spain,10152,1135,9947,5741420,342455,5485986
2024-11-16,Spain,39627,1354,39399,5781047,343809,5525385
2024-11-15,Spain,19773,1034,19629,5800820,344843,5545014
2024-11-14,Spain,25913,1884,25540,5826733,346727,5570554
2024-11-13,Spain,14697,883,14245,5841430,347610,5584799
2024-11-12,Spain,1995,515,1599,5843425,348125,5586398
2024-11-11,Spain,20754,544,20608,5864179,348669,5607006
2024-11-10,Spain,20498,359,20234,5884677,349028,5627240
2024-11-09,Spain,32257,1793,32074,5916934,350821,5659314
2024-11-08,Spain,29307,1823,28990,5946241,352644,5688304
2024-11-07,Spain,32220,797,32072,5978461,353441,5720376
2024-11-06,Spain,48178,979,48136,6026639,354420,5768512
2024-11-05,Spain,33179,1559,32920,6059818,355979,5801432
2024-11-04,Spain,22345,1708,22231,6082163,357687,5823663
2024-11-03,Spain,24933,507,24713,6107096,358194,5848376
2024-11-02,Spain,13820,995,13718,6120916,359189,5862094
2024-11-01,Spain,20531,1920,20392,6141447,361109,5882486
2024-10-31,Spain,12839,1182,12706,6154286,362291,5895192
2024-10-30,Spain,23660,292,23340,6177946,362583,5918532
2024-10-29,Spain,15902,1529,15775,6193848,364112,5934307
2024-10-28,Spain,13965,1490,13827,6207813,365602,5948134
2024-10-27,Spain,21680,1015,21538,6229493,366617,5969672
2024-10-26,Spain,29432,376,29093,6258925,366993,5998765
2024-10-25,Spain,21014,377,20994,6279939,367370,6019759
2024-10-24,Spain,2889,252,2813,6282828,367622,6022572
2024-10-23,Spain,26942,1223,26776,6309770,368845,6049348
2024-10-22,Spain,2368,1036,1990,6312138,369881,6051338
2024-10-21,Spain,34209,1520,34034,6346347,371401,6085372
2024-10-20,Spain,12787,1538,12458,6359134,372939,6097830
2024-10-19,Spain,38934,574,38514,6398068,373513,6136344
2024-10-18,Spain,43651,628,43287,6441719,374141,6179631
2024-10-17,Spain,24807,427,24700,6466526,374568,6204331
2024-10-16,Spain,42681,1843,42296,6509207,376411,6246627
2024-10-15,Spain,36472,96,36120,6545679,376507,6282747
2024-10-14,Spain,2243,1666,2137,6547922,378173,6284884
2024-10-13,Spain,2609,1403,2126,6550531,379576,6287010
2024-10-12,Spain,41834,248,41605,6592365,379824,6328615
2024-10-11,Spain,30425,1384,30197,6622790,381208,6358812
2024-10-10,Spain,21893,683,21523,6644683,381891,6380335
2024-10-09,Spain,3332,823,3134,6648015,382714,6383469
2024-10-08,Spain,49039,519,48859,6697054,383233,6432328
2024-10-07,Spain,19263,1567,18810,6716317,384800,6451138
2024-10-06,Spain,30679,1907,30338,6746996,386707,6481476
2024-10-05,Spain,45277,1162,45059,6792273,387869,6526535
2024-10-04,Spain,42270,1511,41967,6834543,389380,6568502
2024-10-03,Spain,44720,1936,44476,6879263,391316,6612978
2024-10-02,Spain,46212,504,45869,6925475,391820,6658847
2024-10-01,Spain,24214,354,23949,6949689,392174,6682796
2024-09-30,Spain,34444,1942,33969,6984133,394116,6716765
2024-09-29,Spain,49907,766,49450,7034040,394882,6766215
2024-09-28,Spain,8030,1757,7699,7042070,396639,6773914
2024-09-27,Spain,42157,1515,41864,7084227,398154,6815778
2024-09-26,Spain,6783,978,6695,7091010,399132,6822473
2024-09-25,Spain,26237,1764,26042,7117247,400896,6848515
2024-09-24,Spain,48112,1699,47818,7165359,402595,6896333
2024-09-23,Spain,26037,430,25814,7191396,403025,6922147
2024-09-22,Spain,10075,323,9898,7201471,403348,6932045
2024-09-21,Spain,6576,1381,6107,7208047,404729,6938152
2024-09-20,Spain,19864,1920,19717,7227911,406649,6957869
2024-09-19,Spain,37921,1820,37710,7265832,408469,6995579
2024-09-18,Spain,27074,1279,26634,7292906,409748,7022213
2024-09-17,Spain,42537,503,42048,7335443,410251,7064261
2024-09-16,Spain,17300,1259,16803,7352743,411510,7081064
2024-09-15,Spain,16069,1555,15878,7368812,413065,7096942
2024-09-14,Spain,6300,1761,6140,7375112,414826,7103082
2024-09-13,Spain,6366,1162,6085,7381478,415988,7109167
2024-09-12,Spain,30335,1769,30021,7411813,417757,7139188
2024-09-11,Spain,14343,1186,14332,7426156,418943,7153520
2024-09-10,Spain,23293,141,22846,7449449,419084,7176366
2024-09-09,Spain,41411,693,41319,7490860,419777,7217685
2024-09-08,Spain,47824,248,47532,7538684,420025,7265217
2024-09-07,Spain,37151,425,36731,7575835,420450,7301948
2024-09-06,Spain,37786,1873,37522,7613621,422323,7339470
2024-09-05,Spain,24838,1464,24774,7638459,423787,7364244
2024-09-04,Spain,31059,1387,30839,7669518,425174,7395083
2024-09-03,Spain,6296,1782,6041,7675814,426956,7401124
2024-09-02,Spain,1683,632,1297,7677497,427588,7402421
2024-09-01,Spain,33727,1583,33530,7711224,429171,7435951
2024-08-31,Spain,20569,1736,20323,7731793,430907,7456274
2024-08-30,Spain,16247,571,15856,7748040,431478,7472130
2024-08-29,Spain,39280,1728,38938,7787320,433206,7511068
2024-08-28,Spain,2906,892,2616,7790226,434098,7513684
2024-08-27,Spain,34533,645,34097,7824759,434743,7547781
2024-08-26,Spain,2524,456,2508,7827283,435199,7550289
2024-08-25,Spain,18957,1654,18496,7846240,436853,7568785
2024-08-24,Spain,3940,355,3675,7850180,437208,7572460
2024-08-23,Spain,17876,1648,17459,7868056,438856,7589919
2024-08-22,Spain,25030,1304,24814,7893086,440160,7614733
2024-08-21,Spain,10127,528,10039,7903213,440688,7624772
2024-08-20,Spain,6936,1623,6630,7910149,442311,7631402
2024-08-19,Spain,46228,1421,45893,7956377,443732,7677295
2024-08-18,Spain,49220,831,49009,8005597,444563,7726304
2024-08-17,Spain,45183,1710,45118,8050780,446273,7771422
2024-08-16,Spain,9717,1239,9654,8060497,447512,7781076
2024-08-15,Spain,49998,550,49905,8110495,448062,7830981
2024-08-14,Spain,43134,1156,43033,8153629,449218,7874014
2024-08-13,Spain,9651,910,9256,8163280,450128,7883270
2024-08-12,Spain,38893,315,38687,8202173,450443,7921957
2024-08-11,Spain,48546,1807,48315,8250719,452250,7970272
2024-08-10,Spain,21957,1847,21890,8272676,454097,7992162
2024-08-09,Spain,49269,945,49171,8321945,455042,8041333
2024-08-08,Spain,1512,1501,1403,8323457,456543,8042736
2024-08-07,Spain,17318,576,17011,8340775,457119,8059747
2024-08-06,Spain,43079,1709,42679,8383854,458828,8102426
2024-08-05,Spain,17059,1359,16652,8400913,460187,8119078
2024-08-04,Spain,23255,1052,22908,8424168,461239,8141986
2024-08-03,Spain,19237,915,18926,8443405,462154,8160912
2024-08-02,Spain,48063,1583,47923,8491468,463737,8208835
2024-08-01,Spain,47918,489,47845,8539386,464226,8256680
2024-07-31,Spain,42317,1075,41962,8581703,465301,8298642
2024-07-30,Spain,10822,1690,10653,8592525,466991,8309295
2024-07-29,Spain,11455,1938,11159,8603980,468929,8320454
2024-07-28,Spain,41447,598,41134,8645427,469527,8361588
2024-07-27,Spain,16802,844,16687,8662229,470371,8378275
2024-07-26,Spain,12419,1719,12335,8674648,472090,8390610
2024-07-25,Spain,15158,1503,14877,8689806,473593,8405487
2024-07-24,Spain,48121,798,47645,8737927,474391,8453132
2024-07-23,Spain,21742,1740,21251,8759669,476131,8474383
2024-07-22,Spain,3648,1440,3369,8763317,477571,8477752
2024-07-21,Spain,33764,434,33540,8797081,478005,8511292
2024-07-20,Spain,33246,873,32880,8830327,478878,8544172
2024-07-19,Spain,3983,884,3850,8834310,479762,8548022
2024-07-18,Spain,5609,1039,5268,8839919,480801,8553290
2024-07-17,Spain,24218,141,24153,8864137,480942,8577443
2024-07-16,Spain,8020,1345,7633,8872157,482287,8585076
2024-07-15,Spain,37536,1459,37171,8909693,483746,8622247
2024-07-14,Spain,6942,893,6769,8916635,484639,8629016
2024-07-13,Spain,22683,1902,22415,8939318,486541,8651431
2024-07-12,Spain,39713,1690,39387,8979031,488231,8690818
2024-07-11,Spain,18283,1782,18277,8997314,490013,8709095
2024-07-10,Spain,41638,1647,41191,9038952,491660,8750286
2024-07-09,Spain,4401,598,4288,9043353,492258,8754574
2024-07-08,Spain,35290,1680,35184,9078643,493938,8789758
2024-07-07,Spain,46847,781,46770,9125490,494719,8836528
2024-07-06,Spain,42214,1359,42198,9167704,496078,8878726
2024-07-05,Spain,38907,960,38821,9206611,497038,8917547
2024-07-04,Spain,48394,1254,48350,9255005,498292,8965897
2024-07-03,Spain,29126,190,28643,9284131,498482,8994540
2024-07-02,Spain,39730,1252,39671,9323861,499734,9034211
2024-07-01,Spain,48417,1010,48387,9372278,500744,9082598
2024-06-30,Spain,31753,1216,31645,9404031,501960,9114243
2024-06-29,Spain,49062,608,48737,9453093,502568,9162980
2024-06-28,Spain,26704,807,26415,9479797,503375,9189395
2024-06-27,Spain,15468,1350,15199,9495265,504725,9204594
2024-06-26,Spain,42892,95,42562,9538157,504820,9247156
2024-06-25,Spain,24134,1800,24039,9562291,506620,9271195
2024-06-24,Spain,34128,786,33777,9596419,507406,9304972
2024-06-23,Spain,38892,1835,38841,9635311,509241,9343813
2024-06-22,Spain,4247,1284,3936,9639558,510525,9347749
2024-06-21,Spain,43149,136,42956,9682707,510661,9390705
2024-06-20,Spain,2556,188,2383,9685263,510849,9393088
2024-06-19,Spain,22763,548,22625,9708026,511397,9415713
2024-06-18,Spain,45730,962,45297,9753756,512359,9461010
2024-06-17,Spain,24297,1516,23822,9778053,513875,9484832
2024-06-16,Spain,25002,1482,24782,9803055,515357,9509614
2024-06-15,Spain,34478,322,34270,9837533,515679,9543884
2024-06-14,Spain,48271,1861,47912,9885804,517540,9591796
2024-06-13,Spain,49136,208,49024,9934940,517748,9640820
2024-06-12,Spain,33458,555,32960,9968398,518303,9673780
2024-06-11,Spain,27236,1044,26878,9995634,519347,9700658
2024-06-10,Spain,26267,789,25885,10021901,520136,9726543
2024-06-09,Spain,31237,673,31008,10053138,520809,9757551
2024-06-08,Spain,22854,242,22591,10075992,521051,9780142
2024-06-07,Spain,48860,727,48689,10124852,521778,9828831
2024-06-06,Spain,22946,17,22548,10147798,521795,9851379
2024-06-05,Spain,44617,309,44331,10192415,522104,9895710
2024-06-04,Spain,13579,989,13557,10205994,523093,9909267
2024-06-03,Spain,15474,1684,15336,10221468,524777,9924603
2024-06-02,Spain,38841,1592,38544,10260309,526369,9963147
2024-06-01,Spain,11153,999,10978,10271462,527368,9974125
2024-05-31,Spain,9051,1274,8919,10280513,528642,9983044
2024-05-30,Spain,37638,1788,37144,10318151,530430,10020188
2024-05-29,Spain,46570,931,46540,10364721,531361,10066728
2024-05-28,Spain,17824,713,17403,10382545,532074,10084131
2024-05-27,Spain,29399,588,29318,10411944,532662,10113449
2024-05-26,Spain,26584,25,26554,10438528,532687,10140003
2024-05-25,Spain,35189,1677,34863,10473717,534364,10174866
2024-05-24,Spain,23076,672,22816,10496793,535036,10197682
2024-05-23,Spain,4849,850,4375,10501642,535886,10202057
2024-05-22,Spain,11736,679,11581,10513378,536565,10213638
2024-05-21,Spain,37654,1410,37239,10551032,537975,10250877
2024-05-20,Spain,3963,147,3681,10554995,538122,10254558
2024-05-19,Spain,1377,574,1011,10556372,538696,10255569
2024-05-18,Spain,24671,1063,24324,10581043,539759,10279893
2024-05-17,Spain,29245,1283,29171,10610288,541042,10309064
2024-05-16,Spain,20293,705,19859,10630581,541747,10328923
2024-05-15,Spain,33238,225,32991,10663819,541972,10361914
2024-05-14,Spain,10939,1501,10571,10674758,543473,10372485
2024-05-13,Spain,17376,749,17274,10692134,544222,10389759
2024-05-12,Spain,19538,543,19388,10711672,544765,10409147
2024-05-11,Spain,25512,1942,25299,10737184,546707,10434446
2024-05-10,Spain,35359,1400,35220,10772543,548107,10469666
2024-05-09,Spain,34103,1535,33638,10806646,549642,10503304
2024-05-08,Spain,46626,1699,46150,10853272,551341,10549454
2024-05-07,Spain,3024,699,2721,10856296,552040,10552175
2024-05-06,Spain,44562,1841,44421,10900858,553881,10596596
2024-05-05,Spain,22797,334,22457,10923655,554215,10619053
2024-05-04,Spain,5865,1810,5744,10929520,556025,10624797
2024-05-03,Spain,42501,992,42061,10972021,557017,10666858
2024-05-02,Spain,8949,589,8471,10980970,557606,10675329
2024-05-01,Spain,36798,651,36416,11017768,558257,10711745
2024-04-30,Spain,19042,1925,18943,11036810,560182,10730688
2024-04-29,Spain,37061,878,36720,11073871,561060,10767408
2024-04-28,Spain,21275,834,20982,11095146,561894,10788390
2024-04-27,Spain,42660,1707,42298,11137806,563601,10830688
2024-04-26,Spain,20378,1048,20275,11158184,564649,10850963
2024-04-25,Spain,34571,449,34340,11192755,565098,10885303
2024-04-24,Spain,49236,317,49028,11241991,565415,10934331
2024-04-23,Spain,41845,459,41726,11283836,565874,10976057
2024-04-22,Spain,16198,14,15894,11300034,565888,10991951
2024-04-21,Spain,15793,995,15476,11315827,566883,11007427
2024-04-20,Spain,19420,1180,19373,11335247,568063,11026800
2024-04-19,Spain,20983,695,20610,11356230,568758,11047410
2024-04-18,Spain,3617,490,3348,11359847,569248,11050758
2024-04-17,Spain,46590,1313,46557,11406437,570561,11097315
2024-04-16,Spain,43629,1744,43314,11450066,572305,11140629
2024-04-15,Spain,18838,332,18749,11468904,572637,11159378
2024-04-14,Spain,48418,803,48203,11517322,573440,11207581
2024-04-13,Spain,17845,1750,17820,11535167,575190,11225401
2024-04-12,Spain,49278,319,49020,11584445,575509,11274421
2024-04-11,Spain,42290,780,41793,11626735,576289,11316214
2024-04-10,Spain,21103,691,20652,11647838,576980,11336866
2024-04-09,Spain,4584,1727,4169,11652422,578707,11341035
2024-04-08,Spain,49040,1807,48881,11701462,580514,11389916
2024-04-07,Spain,30156,1842,29932,11731618,582356,11419848
2024-04-06,Spain,16570,1979,16265,11748188,584335,11436113
2024-04-05,Spain,16793,1419,16699,11764981,585754,11452812
2024-04-04,Spain,5595,1589,5436,11770576,587343,11458248
2024-04-03,Spain,40839,1081,40655,11811415,588424,11498903
2024-04-02,Spain,36377,886,35908,11847792,589310,11534811
2024-04-01,Spain,27428,101,27361,11875220,589411,11562172
2024-03-31,Spain,10506,1938,10244,11885726,591349,11572416
2024-03-30,Spain,47257,1813,46868,11932983,593162,11619284
2024-03-29,Spain,44754,1533,44676,11977737,594695,11663960
2024-03-28,Spain,10173,996,9795,11987910,595691,11673755
2024-03-27,Spain,19154,549,18720,12007064,596240,11692475
2024-03-26,Spain,7086,495,6633,12014150,596735,11699108
2024-03-25,Spain,37000,1439,36650,12051150,598174,11735758
2024-03-24,Spain,19320,1114,19176,12070470,599288,11754934
2024-03-23,Spain,37955,1979,37524,12108425,601267,11792458
2024-03-22,Spain,43475,1282,43372,12151900,602549,11835830
2024-03-21,Spain,30120,1498,29765,12182020,604047,11865595
2024-03-20,Spain,4566,1682,4520,12186586,605729,11870115
2024-03-19,Spain,47980,1573,47772,12234566,607302,11917887
2024-03-18,Spain,48726,76,48386,12283292,607378,11966273
2024-03-17,Spain,49458,1338,49175,12332750,608716,12015448
2024-03-16,Spain,42625,1210,42620,12375375,609926,12058068
2024-03-15,Spain,28126,993,27679,12403501,610919,12085747
2024-03-14,Spain,9786,1817,9374,12413287,612736,12095121
2024-03-13,Spain,23317,750,22879,12436604,613486,12118000
2024-03-12,Spain,45165,1204,45020,12481769,614690,12163020
2024-03-11,Spain,23059,1068,22998,12504828,615758,12186018
2024-03-10,Spain,33670,1917,33176,12538498,617675,12219194
2025-03-09,Canada,44152,581,44121,11804686,141876,11663360
2025-03-08,Canada,865,171,807,11805551,142047,11664167
2025-03-07,Canada,15178,1570,15119,11820729,143617,11679286
2025-03-06,Canada,26518,455,26082,11847247,144072,11705368
2025-03-05,Canada,14060,1588,13855,11861307,145660,11719223
2025-03-04,Canada,13343,756,12875,11874650,146416,11732098
2025-03-03,Canada,39267,414,38832,11913917,146830,11770930
2025-03-02,Canada,44290,1431,43808,11958207,148261,11814738
2025-03-01,Canada,6550,1918,6250,11964757,150179,11820988
2025-02-28,Canada,15075,438,14764,11979832,150617,11835752
2025-02-27,Canada,42976,1078,42895,12022808,151695,11878647
2025-02-26,Canada,13330,731,13249,12036138,152426,11891896
2025-02-25,Canada,937,560,888,12037075,152986,11892784
2025-02-24,Canada,11496,1128,11232,12048571,154114,11904016
2025-02-23,Canada,9721,1756,9258,12058292,155870,11913274
2025-02-22,Canada,24057,1173,24038,12082349,157043,11937312
2025-02-21,Canada,48181,452,47745,12130530,157495,11985057
2025-02-20,Canada,33368,1329,32877,12163898,158824,12017934
2025-02-19,Canada,37992,860,37715,12201890,159684,12055649
2025-02-18,Canada,44046,146,43847,12245936,159830,12099496
2025-02-17,Canada,19261,1060,19218,12265197,160890,12118714
2025-02-16,Canada,12656,987,12252,12277853,161877,12130966
2025-02-15,Canada,1307,240,854,12279160,162117,12131820
2025-02-14,Canada,38118,102,37810,12317278,162219,12169630
2025-02-13,Canada,16519,1619,16180,12333797,163838,12185810
2025-02-12,Canada,47491,520,47180,12381288,164358,12232990
2025-02-11,Canada,37651,726,37468,12418939,165084,12270458
2025-02-10,Canada,25973,960,25782,12444912,166044,12296240
2025-02-09,Canada,21720,1593,21714,12466632,167637,12317954
2025-02-08,Canada,40934,240,40924,12507566,167877,12358878
2025-02-07,Canada,3592,1265,3216,12511158,169142,12362094
2025-02-06,Canada,33904,153,33876,12545062,169295,12395970
2025-02-05,Canada,8283,1811,7995,12553345,171106,12403965
2025-02-04,Canada,10222,1241,10037,12563567,172347,12414002
2025-02-03,Canada,42969,245,42530,12606536,172592,12456532
2025-02-02,Canada,1866,862,1415,12608402,173454,12457947
2025-02-01,Canada,20469,607,20195,12628871,174061,12478142
2025-01-31,Canada,11079,1481,10592,12639950,175542,12488734
2025-01-30,Canada,31031,88,30717,12670981,175630,12519451
2025-01-29,Canada,40910,1188,40460,12711891,176818,12559911
2025-01-28,Canada,15590,1343,15298,12727481,178161,12575209
2025-01-27,Canada,34470,341,34465,12761951,178502,12609674
2025-01-26,Canada,31895,596,31443,12793846,179098,12641117
2025-01-25,Canada,11034,1626,10926,12804880,180724,12652043
2025-01-24,Canada,35982,1285,35886,12840862,182009,12687929
2025-01-23,Canada,23737,831,23465,12864599,182840,12711394
2025-01-22,Canada,29467,97,28972,12894066,182937,12740366
2025-01-21,Canada,49324,225,48979,12943390,183162,12789345
2025-01-20,Canada,8135,1411,8045,12951525,184573,12797390
2025-01-19,Canada,36401,427,36197,12987926,185000,12833587
2025-01-18,Canada,34923,1459,34913,13022849,186459,12868500
2025-01-17,Canada,39170,976,38752,13062019,187435,12907252
2025-01-16,Canada,679,866,643,13062698,188301,12907895
2025-01-15,Canada,13092,417,12608,13075790,188718,12920503
2025-01-14,Canada,49613,1766,49352,13125403,190484,12969855
2025-01-13,Canada,13743,1175,13549,13139146,191659,12983404
2025-01-12,Canada,45103,120,44729,13184249,191779,13028133
2025-01-11,Canada,17030,1709,16627,13201279,193488,13044760
2025-01-10,Canada,25907,1528,25562,13227186,195016,13070322
2025-01-09,Canada,3045,387,2603,13230231,195403,13072925
2025-01-08,Canada,47279,955,47130,13277510,196358,13120055
2025-01-07,Canada,11360,1783,11207,13288870,198141,13131262
2025-01-06,Canada,49507,1557,49324,13338377,199698,13180586
2025-01-05,Canada,37564,1699,37555,13375941,201397,13218141
2025-01-04,Canada,11898,1241,11795,13387839,202638,13229936
2025-01-03,Canada,30529,1445,30044,13418368,204083,13259980
2025-01-02,Canada,15587,538,15277,13433955,204621,13275257
2025-01-01,Canada,12012,1302,11793,13445967,205923,13287050
2024-12-31,Canada,48908,1861,48662,13494875,207784,13335712
2024-12-30,Canada,4270,1951,3889,13499145,209735,13339601
2024-12-29,Canada,48238,1567,47848,13547383,211302,13387449
2024-12-28,Canada,34280,671,34069,13581663,211973,13421518
2024-12-27,Canada,4334,958,3878,13585997,212931,13425396
2024-12-26,Canada,49762,1614,49523,13635759,214545,13474919
2024-12-25,Canada,46358,738,46065,13682117,215283,13520984
2024-12-24,Canada,13134,1710,12964,13695251,216993,13533948
2024-12-23,Canada,3649,655,3347,13698900,217648,13537295
2024-12-22,Canada,47546,1128,47300,13746446,218776,13584595
2024-12-21,Canada,49157,1214,48947,13795603,219990,13633542
2024-12-20,Canada,26392,1554,26027,13821995,221544,13659569
2024-12-19,Canada,14565,599,14354,13836560,222143,13673923
2024-12-18,Canada,18541,570,18366,13855101,222713,13692289
2024-12-17,Canada,44419,706,44412,13899520,223419,13736701
2024-12-16,Canada,32905,1547,32714,13932425,224966,13769415
2024-12-15,Canada,3567,1479,3176,13935992,226445,13772591
2024-12-14,Canada,22760,880,22351,13958752,227325,13794942
2024-12-13,Canada,44754,1013,44425,14003506,228338,13839367
2024-12-12,Canada,45971,1073,45894,14049477,229411,13885261
2024-12-11,Canada,4149,1675,3947,14053626,231086,13889208
2024-12-10,Canada,32458,1864,32416,14086084,232950,13921624
2024-12-09,Canada,46469,1908,46031,14132553,234858,13967655
2024-12-08,Canada,40600,1256,40324,14173153,236114,14007979
2024-12-07,Canada,8646,1321,8186,14181799,237435,14016165
2024-12-06,Canada,30470,946,30243,14212269,238381,14046408
2024-12-05,Canada,25364,321,24993,14237633,238702,14071401
2024-12-04,Canada,24972,1160,24699,14262605,239862,14096100
2024-12-03,Canada,11273,1200,11157,14273878,241062,14107257
2024-12-02,Canada,20292,1395,20009,14294170,242457,14127266
2024-12-01,Canada,7096,1301,6948,14301266,243758,14134214
2024-11-30,Canada,8288,130,8043,14309554,243888,14142257
2024-11-29,Canada,30800,589,30594,14340354,244477,14172851
2024-11-28,Canada,22593,1417,22170,14362947,245894,14195021
2024-11-27,Canada,9674,1257,9397,14372621,247151,14204418
2024-11-26,Canada,24333,877,24191,14396954,248028,14228609
2024-11-25,Canada,909,1218,807,14397863,249246,14229416
2024-11-24,Canada,16906,1663,16752,14414769,250909,14246168
2024-11-23,Canada,4302,653,4287,14419071,251562,14250455
2024-11-22,Canada,40351,733,40143,14459422,252295,14290598
2024-11-21,Canada,30626,1626,30395,14490048,253921,14320993
2024-11-20,Canada,27264,1204,27154,14517312,255125,14348147
2024-11-19,Canada,14357,177,13906,14531669,255302,14362053
2024-11-18,Canada,16855,91,16848,14548524,255393,14378901
2024-11-17,Canada,7839,497,7597,14556363,255890,14386498
2024-11-16,Canada,26994,657,26532,14583357,256547,14413030
2024-11-15,Canada,18160,571,17984,14601517,257118,14431014
2024-11-14,Canada,21447,481,21106,14622964,257599,14452120
2024-11-13,Canada,32512,55,32183,14655476,257654,14484303
2024-11-12,Canada,11785,1134,11553,14667261,258788,14495856
2024-11-11,Canada,21245,363,20776,14688506,259151,14516632
2024-11-10,Canada,4790,566,4649,14693296,259717,14521281
2024-11-09,Canada,26440,1440,26073,14719736,261157,14547354
2024-11-08,Canada,43842,651,43729,14763578,261808,14591083
2024-11-07,Canada,8421,325,8221,14771999,262133,14599304
2024-11-06,Canada,49476,189,49353,14821475,262322,14648657
2024-11-05,Canada,11359,129,11177,14832834,262451,14659834
2024-11-04,Canada,39616,854,39185,14872450,263305,14699019
2024-11-03,Canada,20058,418,19747,14892508,263723,14718766
2024-11-02,Canada,34247,1031,34008,14926755,264754,14752774
2024-11-01,Canada,40567,858,40314,14967322,265612,14793088
2024-10-31,Canada,47185,670,46925,15014507,266282,14840013
2024-10-30,Canada,28970,429,28586,15043477,266711,14868599
2024-10-29,Canada,38983,364,38852,15082460,267075,14907451
2024-10-28,Canada,2971,1078,2873,15085431,268153,14910324
2024-10-27,Canada,17486,1779,17435,15102917,269932,14927759
2024-10-26,Canada,47093,228,46889,15150010,270160,14974648
2024-10-25,Canada,12695,541,12202,15162705,270701,14986850
2024-10-24,Canada,23722,647,23393,15186427,271348,15010243
2024-10-23,Canada,31884,300,31873,15218311,271648,15042116
2024-10-22,Canada,31186,23,30948,15249497,271671,15073064
2024-10-21,Canada,40845,1906,40513,15290342,273577,15113577
2024-10-20,Canada,21688,547,21189,15312030,274124,15134766
2024-10-19,Canada,32239,346,32137,15344269,274470,15166903
2024-10-18,Canada,30256,1760,29996,15374525,276230,15196899
2024-10-17,Canada,45239,59,45207,15419764,276289,15242106
2024-10-16,Canada,38119,373,38083,15457883,276662,15280189
2024-10-15,Canada,22042,758,21848,15479925,277420,15302037
2024-10-14,Canada,24594,826,24426,15504519,278246,15326463
2024-10-13,Canada,21788,1198,21699,15526307,279444,15348162
2024-10-12,Canada,37779,1312,37721,15564086,280756,15385883
2024-10-11,Canada,34588,945,34377,15598674,281701,15420260
2024-10-10,Canada,37809,1571,37447,15636483,283272,15457707
2024-10-09,Canada,19711,236,19273,15656194,283508,15476980
2024-10-08,Canada,37917,629,37791,15694111,284137,15514771
2024-10-07,Canada,21665,529,21613,15715776,284666,15536384
2024-10-06,Canada,47092,1605,46702,15762868,286271,15583086
2024-10-05,Canada,47475,496,47248,15810343,286767,15630334
2024-10-04,Canada,33296,1438,33036,15843639,288205,15663370
2024-10-03,Canada,46918,320,46583,15890557,288525,15709953
2024-10-02,Canada,45207,1935,45026,15935764,290460,15754979
2024-10-01,Canada,39995,438,39743,15975759,290898,15794722
2024-09-30,Canada,33429,244,33288,16009188,291142,15828010
2024-09-29,Canada,27712,720,27343,16036900,291862,15855353
2024-09-28,Canada,42413,1160,42054,16079313,293022,15897407
2024-09-27,Canada,35349,1650,34908,16114662,294672,15932315
2024-09-26,Canada,13548,557,13431,16128210,295229,15945746
2024-09-25,Canada,32843,1093,32562,16161053,296322,15978308
2024-09-24,Canada,5273,751,4939,16166326,297073,15983247
2024-09-23,Canada,18991,1503,18791,16185317,298576,16002038
2024-09-22,Canada,49972,1378,49521,16235289,299954,16051559
2024-09-21,Canada,33785,1459,33452,16269074,301413,16085011
2024-09-20,Canada,33977,870,33540,16303051,302283,16118551
2024-09-19,Canada,41690,36,41229,16344741,302319,16159780
2024-09-18,Canada,6754,1038,6448,16351495,303357,16166228
2024-09-17,Canada,24237,505,23742,16375732,303862,16189970
2024-09-16,Canada,36102,525,35740,16411834,304387,16225710
2024-09-15,Canada,2275,891,1849,16414109,305278,16227559
2024-09-14,Canada,44394,1744,44306,16458503,307022,16271865
2024-09-13,Canada,16915,587,16654,16475418,307609,16288519
2024-09-12,Canada,45977,1636,45771,16521395,309245,16334290
2024-09-11,Canada,16519,1321,16125,16537914,310566,16350415
2024-09-10,Canada,6650,722,6278,16544564,311288,16356693
2024-09-09,Canada,4411,809,4021,16548975,312097,16360714
2024-09-08,Canada,31930,1862,31506,16580905,313959,16392220
2024-09-07,Canada,37520,989,37247,16618425,314948,16429467
2024-09-06,Canada,13741,829,13353,16632166,315777,16442820
2024-09-05,Canada,15989,643,15771,16648155,316420,16458591
2024-09-04,Canada,18778,543,18590,16666933,316963,16477181
2024-09-03,Canada,48355,1855,48094,16715288,318818,16525275
2024-09-02,Canada,12203,888,11822,16727491,319706,16537097
2024-09-01,Canada,47495,58,47481,16774986,319764,16584578
2024-08-31,Canada,13585,1341,13412,16788571,321105,16597990
2024-08-30,Canada,14746,587,14503,16803317,321692,16612493
2024-08-29,Canada,43204,745,43127,16846521,322437,16655620
2024-08-28,Canada,41759,1356,41346,16888280,323793,16696966
2024-08-27,Canada,45959,1514,45482,16934239,325307,16742448
2024-08-26,Canada,19576,134,19112,16953815,325441,16761560
2024-08-25,Canada,9336,1766,8858,16963151,327207,16770418
2024-08-24,Canada,6936,299,6817,16970087,327506,16777235
2024-08-23,Canada,7947,108,7549,16978034,327614,16784784
2024-08-22,Canada,48851,105,48703,17026885,327719,16833487
2024-08-21,Canada,38837,1408,38796,17065722,329127,16872283
2024-08-20,Canada,42994,1328,42615,17108716,330455,16914898
2024-08-19,Canada,38980,1993,38822,17147696,332448,16953720
2024-08-18,Canada,46179,1197,45888,17193875,333645,16999608
2024-08-17,Canada,11229,1048,10841,17205104,334693,17010449
2024-08-16,Canada,17242,728,17091,17222346,335421,17027540
2024-08-15,Canada,2849,790,2615,17225195,336211,17030155
2024-08-14,Canada,25289,400,24866,17250484,336611,17055021
2024-08-13,Canada,26448,1292,26207,17276932,337903,17081228
2024-08-12,Canada,30993,790,30815,17307925,338693,17112043
2024-08-11,Canada,38492,1142,38404,17346417,339835,17150447
2024-08-10,Canada,47672,774,47176,17394089,340609,17197623
2024-08-09,Canada,4585,1539,4538,17398674,342148,17202161
2024-08-08,Canada,23550,1449,23537,17422224,343597,17225698
2024-08-07,Canada,46959,1512,46778,17469183,345109,17272476
2024-08-06,Canada,35487,974,35351,17504670,346083,17307827
2024-08-05,Canada,5041,1545,4663,17509711,347628,17312490
2024-08-04,Canada,9594,14,9263,17519305,347642,17321753
2024-08-03,Canada,12721,1832,12517,17532026,349474,17334270
2024-08-02,Canada,38519,577,38496,17570545,350051,17372766
2024-08-01,Canada,27342,939,27245,17597887,350990,17400011
2024-07-31,Canada,7815,1254,7332,17605702,352244,17407343
2024-07-30,Canada,36061,1153,35690,17641763,353397,17443033
2024-07-29,Canada,40444,1874,40027,17682207,355271,17483060
2024-07-28,Canada,46904,701,46856,17729111,355972,17529916
2024-07-27,Canada,37911,1015,37577,17767022,356987,17567493
2024-07-26,Canada,21273,273,21242,17788295,357260,17588735
2024-07-25,Canada,15752,1430,15353,17804047,358690,17604088
2024-07-24,Canada,15140,157,14759,17819187,358847,17618847
2024-07-23,Canada,12683,1408,12186,17831870,360255,17631033
2024-07-22,Canada,17614,1478,17335,17849484,361733,17648368
2024-07-21,Canada,46148,1213,46125,17895632,362946,17694493
2024-07-20,Canada,22818,1427,22781,17918450,364373,17717274
2024-07-19,Canada,14068,1265,13696,17932518,365638,17730970
2024-07-18,Canada,1389,192,1350,17933907,365830,17732320
2024-07-17,Canada,10878,1252,10639,17944785,367082,17742959
2024-07-16,Canada,23030,1020,22866,17967815,368102,17765825
2024-07-15,Canada,33361,1986,33148,18001176,370088,17798973
2024-07-14,Canada,15221,1375,14841,18016397,371463,17813814
2024-07-13,Canada,40892,1205,40689,18057289,372668,17854503
2024-07-12,Canada,46545,50,46369,18103834,372718,17900872
2024-07-11,Canada,1584,1367,1400,18105418,374085,17902272
2024-07-10,Canada,45712,552,45489,18151130,374637,17947761
2024-07-09,Canada,31188,1754,31133,18182318,376391,17978894
2024-07-08,Canada,42464,1932,42261,18224782,378323,18021155
2024-07-07,Canada,7144,202,6860,18231926,378525,18028015
2024-07-06,Canada,28580,455,28188,18260506,378980,18056203
2024-07-05,Canada,19074,1387,19013,18279580,380367,18075216
2024-07-04,Canada,29747,1219,29400,18309327,381586,18104616
2024-07-03,Canada,4533,1518,4113,18313860,383104,18108729
2024-07-02,Canada,6033,742,5791,18319893,383846,18114520
2024-07-01,Canada,38044,1107,37725,18357937,384953,18152245
2024-06-30,Canada,21493,1512,21033,18379430,386465,18173278
2024-06-29,Canada,7740,1442,7589,18387170,387907,18180867
2024-06-28,Canada,16709,56,16473,18403879,387963,18197340
2024-06-27,Canada,40446,1796,40392,18444325,389759,18237732
2024-06-26,Canada,17469,768,17430,18461794,390527,18255162
2024-06-25,Canada,16799,288,16452,18478593,390815,18271614
2024-06-24,Canada,39481,561,39397,18518074,391376,18311011
2024-06-23,Canada,38600,984,38166,18556674,392360,18349177
2024-06-22,Canada,21528,1928,21187,18578202,394288,18370364
2024-06-21,Canada,34286,718,33909,18612488,395006,18404273
2024-06-20,Canada,27818,1377,27730,18640306,396383,18432003
2024-06-19,Canada,2775,1516,2474,18643081,397899,18434477
2024-06-18,Canada,23335,1107,23113,18666416,399006,18457590
2024-06-17,Canada,19677,182,19653,18686093,399188,18477243
2024-06-16,Canada,8547,757,8330,18694640,399945,18485573
2024-06-15,Canada,16724,1095,16414,18711364,401040,18501987
2024-06-14,Canada,31121,1489,30831,18742485,402529,18532818
2024-06-13,Canada,38096,548,37969,18780581,403077,18570787
2024-06-12,Canada,38723,1452,38560,18819304,404529,18609347
2024-06-11,Canada,43441,1220,43077,18862745,405749,18652424
2024-06-10,Canada,8399,730,8064,18871144,406479,18660488
2024-06-09,Canada,20700,454,20500,18891844,406933,18680988
2024-06-08,Canada,39242,755,38788,18931086,407688,18719776
2024-06-07,Canada,4632,770,4469,18935718,408458,18724245
2024-06-06,Canada,39488,960,39282,18975206,409418,18763527
2024-06-05,Canada,42832,989,42465,19018038,410407,18805992
2024-06-04,Canada,45281,151,45122,19063319,410558,18851114
2024-06-03,Canada,39239,626,39015,19102558,411184,18890129
2024-06-02,Canada,8694,1885,8550,19111252,413069,18898679
2024-06-01,Canada,26611,810,26301,19137863,413879,18924980
2024-05-31,Canada,16410,1105,16069,19154273,414984,18941049
2024-05-30,Canada,24720,52,24360,19178993,415036,18965409
2024-05-29,Canada,4206,1015,3866,19183199,416051,18969275
2024-05-28,Canada,2182,1609,1724,19185381,417660,18970999
2024-05-27,Canada,27547,1178,27511,19212928,418838,18998510
2024-05-26,Canada,35258,599,34955,19248186,419437,19033465
2024-05-25,Canada,27533,1836,27220,19275719,421273,19060685
2024-05-24,Canada,24435,579,23957,19300154,421852,19084642
2024-05-23,Canada,9086,1406,8853,19309240,423258,19093495
2024-05-22,Canada,28618,1754,28152,19337858,425012,19121647
2024-05-21,Canada,14592,1187,14546,19352450,426199,19136193
2024-05-20,Canada,29513,847,29140,19381963,427046,19165333
2024-05-19,Canada,1457,940,1179,19383420,427986,19166512
2024-05-18,Canada,38415,1956,38041,19421835,429942,19204553
2024-05-17,Canada,35193,1947,34797,19457028,431889,19239350
2024-05-16,Canada,41951,96,41743,19498979,431985,19281093
2024-05-15,Canada,45950,847,45665,19544929,432832,19326758
2024-05-14,Canada,13796,1124,13765,19558725,433956,19340523
2024-05-13,Canada,12033,1341,11912,19570758,435297,19352435
2024-05-12,Canada,7001,968,6638,19577759,436265,19359073
2024-05-11,Canada,43712,1540,43328,19621471,437805,19402401
2024-05-10,Canada,16308,1620,16108,19637779,439425,19418509
2024-05-09,Canada,7985,1544,7826,19645764,440969,19426335
2024-05-08,Canada,527,81,269,19646291,441050,19426604
2024-05-07,Canada,22453,869,22199,19668744,441919,19448803
2024-05-06,Canada,10521,1835,10310,19679265,443754,19459113
2024-05-05,Canada,47677,1686,47555,19726942,445440,19506668
2024-05-04,Canada,2899,1886,2665,19729841,447326,19509333
2024-05-03,Canada,16731,829,16449,19746572,448155,19525782
2024-05-02,Canada,30931,128,30818,19777503,448283,19556600
2024-05-01,Canada,34894,1548,34595,19812397,449831,19591195
2024-04-30,Canada,36193,184,35703,19848590,450015,19626898
2024-04-29,Canada,18075,1437,17757,19866665,451452,19644655
2024-04-28,Canada,42675,1571,42192,19909340,453023,19686847
2024-04-27,Canada,19251,487,18972,19928591,453510,19705819
2024-04-26,Canada,42403,62,42028,19970994,453572,19747847
2024-04-25,Canada,10967,369,10861,19981961,453941,19758708
2024-04-24,Canada,12926,81,12544,19994887,454022,19771252
2024-04-23,Canada,45479,912,45360,20040366,454934,19816612
2024-04-22,Canada,2653,916,2468,20043019,455850,19819080
2024-04-21,Canada,26260,1060,25888,20069279,456910,19844968
2024-04-20,Canada,16526,523,16178,20085805,457433,19861146
2024-04-19,Canada,33554,899,33131,20119359,458332,19894277
2024-04-18,Canada,34559,914,34093,20153918,459246,19928370
2024-04-17,Canada,3748,309,3471,20157666,459555,19931841
2024-04-16,Canada,11126,680,10797,20168792,460235,19942638
2024-04-15,Canada,23207,277,22920,20191999,460512,19965558
2024-04-14,Canada,39031,477,38771,20231030,460989,20004329
2024-04-13,Canada,39001,48,38730,20270031,461037,20043059
2024-04-12,Canada,14974,1023,14884,20285005,462060,20057943
2024-04-11,Canada,6845,870,6811,20291850,462930,20064754
2024-04-10,Canada,5938,424,5862,20297788,463354,20070616
2024-04-09,Canada,32199,1839,32101,20329987,465193,20102717
2024-04-08,Canada,14919,512,14709,20344906,465705,20117426
2024-04-07,Canada,9699,149,9436,20354605,465854,20126862
2024-04-06,Canada,862,1029,604,20355467,466883,20127466
2024-04-05,Canada,44498,1381,44017,20399965,468264,20171483
2024-04-04,Canada,20569,664,20148,20420534,468928,20191631
2024-04-03,Canada,49586,1154,49169,20470120,470082,20240800
2024-04-02,Canada,14927,688,14843,20485047,470770,20255643
2024-04-01,Canada,12261,987,11829,20497308,471757,20267472
2024-03-31,Canada,48953,731,48515,20546261,472488,20315987
2024-03-30,Canada,48363,431,47938,20594624,472919,20363925
2024-03-29,Canada,41698,1170,41552,20636322,474089,20405477
2024-03-28,Canada,20673,1498,20277,20656995,475587,20425754
2024-03-27,Canada,20323,1004,20308,20677318,476591,20446062
2024-03-26,Canada,10719,755,10343,20688037,477346,20456405
2024-03-25,Canada,12393,1796,12228,20700430,479142,20468633
2024-03-24,Canada,36405,1448,36169,20736835,480590,20504802
2024-03-23,Canada,45105,1278,44670,20781940,481868,20549472
2024-03-22,Canada,35447,1993,35229,20817387,483861,20584701
2024-03-21,Canada,21835,268,21348,20839222,484129,20606049
2024-03-20,Canada,24072,849,23814,20863294,484978,20629863
2024-03-19,Canada,6756,1408,6571,20870050,486386,20636434
2024-03-18,Canada,17249,1720,16950,20887299,488106,20653384
2024-03-17,Canada,24897,592,24618,20912196,488698,20678002
2024-03-16,Canada,9774,1309,9364,20921970,490007,20687366
2024-03-15,Canada,44426,776,44358,20966396,490783,20731724
2024-03-14,Canada,19478,510,19230,20985874,491293,20750954
2024-03-13,Canada,48090,535,47953,21033964,491828,20798907
2024-03-12,Canada,41917,375,41596,21075881,492203,20840503
2024-03-11,Canada,34617,1193,34214,21110498,493396,20874717
2024-03-10,Canada,4651,1653,4291,21115149,495049,20879008
